0 0.196615 0.639352 0.014063 0.043519
0 0.784635 0.538426 0.013021 0.041667
0 0.221094 0.713889 0.014063 0.044444
0 0.352865 0.768056 0.018229 0.041667
1 0.291667 0.600000 0.069792 0.064815
1 0.798958 0.151389 0.021875 0.028704
1 0.618750 0.427315 0.034375 0.076852
1 0.802604 0.185185 0.046875 0.042593
1 0.693490 0.593519 0.056771 0.088889
1 0.717187 0.762037 0.081250 0.135185
1 0.444010 0.713889 0.069271 0.133333
1 0.860417 0.123148 0.032292 0.046296
3 0.081250 0.510185 0.162500 0.207407
3 0.588802 0.327315 0.070312 0.078704