0 0.460156 0.333796 0.008854 0.041667
0 0.103646 0.267593 0.016667 0.031481
0 0.439063 0.535185 0.011458 0.050000
0 0.533333 0.076852 0.010417 0.022222
0 0.253646 0.272222 0.012500 0.042593
1 0.645573 0.075463 0.034896 0.078704
1 0.885417 0.686574 0.073958 0.152778
1 0.132292 0.806019 0.147917 0.117593
1 0.174740 0.691204 0.118229 0.084259
1 0.747656 0.690741 0.099479 0.150000
2 0.110937 0.393981 0.039583 0.036111
2 0.608333 0.100000 0.010417 0.040741
2 0.079427 0.464815 0.031771 0.037037
3 0.740104 0.130556 0.034375 0.072222