0 0.214844 0.254167 0.011979 0.026852
0 0.170573 0.236574 0.009896 0.034259
0 0.369531 0.318519 0.014063 0.027778
1 0.719010 0.065278 0.018229 0.032407
1 0.157292 0.591667 0.089583 0.096296
1 0.463021 0.915741 0.087500 0.166667
1 0.053906 0.172685 0.045312 0.041667
1 0.300000 0.408796 0.065625 0.065741
1 0.699479 0.148611 0.023958 0.041667
1 0.734375 0.190278 0.022917 0.039815
1 0.121354 0.085648 0.039583 0.037963
1 0.144010 0.095370 0.045312 0.033333
1 0.158594 0.338889 0.066146 0.050000
1 0.679427 0.100000 0.026562 0.051852
1 0.754687 0.264352 0.029167 0.052778