0 0.290625 0.738889 0.017708 0.040741
0 0.199740 0.610648 0.013021 0.045370
0 0.427865 0.709722 0.014063 0.039815
0 0.646354 0.605093 0.013542 0.041667
0 0.704688 0.563426 0.010417 0.041667
0 0.352865 0.829167 0.021354 0.052778
0 0.162500 0.299537 0.012500 0.034259
1 0.533594 0.367130 0.059896 0.056481
1 0.612500 0.233333 0.007292 0.022222
1 0.238281 0.463426 0.073438 0.071296
1 0.838542 0.204167 0.032292 0.039815
1 0.614062 0.388426 0.026042 0.071296
1 0.550521 0.265278 0.041667 0.047222
3 0.666927 0.221296 0.115104 0.122222
3 0.657552 0.290741 0.066146 0.075926