0 0.848958 0.334722 0.012500 0.037963
0 0.096094 0.200463 0.010937 0.025000
0 0.311458 0.295370 0.010417 0.037037
0 0.615104 0.100926 0.007292 0.018519
0 0.302604 0.291204 0.014583 0.030556
1 0.687240 0.190741 0.028646 0.048148
1 0.519531 0.818519 0.046354 0.131481
1 0.713281 0.249074 0.031771 0.051852
1 0.710677 0.109259 0.019271 0.035185
1 0.235937 0.376852 0.063542 0.062963
1 0.670573 0.244444 0.029687 0.055556
1 0.664323 0.876852 0.039062 0.094444
1 0.145052 0.081019 0.014063 0.008333
1 0.717708 0.073611 0.017708 0.032407
1 0.651823 0.178241 0.023438 0.045370
1 0.690104 0.064352 0.019792 0.032407
1 0.700000 0.146759 0.027083 0.043519
1 0.158594 0.338889 0.066146 0.050000
1 0.632552 0.222222 0.035937 0.072222
2 0.101562 0.548148 0.034375 0.042593