0 0.868229 0.639815 0.017708 0.044444
0 0.175000 0.454630 0.012500 0.038889
0 0.615625 0.593519 0.011458 0.038889
0 0.854167 0.654167 0.016667 0.043519
0 0.910677 0.614352 0.019271 0.045370
0 0.566927 0.095833 0.003646 0.026852
1 0.332292 0.380556 0.051042 0.050000
1 0.627604 0.230556 0.046875 0.046296
1 0.519792 0.917593 0.077083 0.162963
1 0.830990 0.249537 0.026562 0.043519
1 0.573438 0.846296 0.072917 0.150000
2 0.509375 0.284722 0.022917 0.030556
2 0.100781 0.667130 0.049479 0.037963
3 0.445573 0.710648 0.067187 0.139815