0 0.204948 0.520833 0.011979 0.041667
0 0.734115 0.546759 0.015104 0.037963
0 0.194010 0.597685 0.014063 0.043519
0 0.226562 0.721296 0.016667 0.044444
1 0.435417 0.702315 0.064583 0.110185
1 0.697656 0.198611 0.023438 0.032407
1 0.636979 0.318056 0.050000 0.056481
1 0.714323 0.227315 0.050521 0.043519
1 0.621094 0.439815 0.032813 0.064815
1 0.717187 0.762037 0.081250 0.135185
1 0.849740 0.132870 0.039062 0.034259
1 0.813021 0.180556 0.040625 0.037037
1 0.771354 0.158333 0.051042 0.055556
3 0.081250 0.510185 0.162500 0.207407
3 0.730990 0.252778 0.061979 0.070370