0 0.458854 0.325463 0.009375 0.041667
0 0.108594 0.268056 0.014063 0.032407
0 0.438542 0.547685 0.012500 0.050926
0 0.533333 0.080556 0.009375 0.022222
0 0.257812 0.273148 0.011458 0.040741
1 0.645573 0.075463 0.034896 0.078704
1 0.895573 0.724537 0.077604 0.160185
1 0.132292 0.806019 0.147917 0.117593
1 0.174740 0.691204 0.118229 0.084259
1 0.766667 0.723611 0.100000 0.160185
2 0.110937 0.393981 0.039583 0.036111
2 0.608333 0.100000 0.010417 0.040741
2 0.079427 0.464815 0.031771 0.037037
3 0.743490 0.143056 0.035937 0.073148