0 0.492969 0.654630 0.011979 0.040741
0 0.341927 0.759722 0.013021 0.041667
0 0.571875 0.620370 0.007292 0.033333
0 0.644010 0.286111 0.008854 0.035185
0 0.784635 0.545370 0.013021 0.040741
0 0.823958 0.588426 0.015625 0.041667
0 0.566667 0.655556 0.021875 0.042593
0 0.317969 0.218519 0.006771 0.031481
1 0.438542 0.416667 0.065625 0.061111
1 0.580990 0.518519 0.065104 0.087037
1 0.606250 0.328241 0.044792 0.049074
1 0.622917 0.446296 0.039583 0.079630
1 0.709635 0.190278 0.030729 0.041667
2 0.465885 0.769907 0.023438 0.071296
3 0.771094 0.176852 0.105729 0.120370
3 0.528906 0.357407 0.070312 0.083333