0 0.863542 0.116204 0.007292 0.025000
0 0.264323 0.275463 0.011979 0.026852
0 0.123698 0.214815 0.008854 0.025926
0 0.579948 0.174537 0.008854 0.026852
0 0.435417 0.333796 0.011458 0.030556
1 0.085938 0.542593 0.085417 0.087037
1 0.581771 0.536574 0.053125 0.112037
1 0.777865 0.096759 0.021354 0.032407
1 0.497135 0.427315 0.069271 0.073148
1 0.717969 0.076852 0.018229 0.033333
1 0.746354 0.320833 0.029167 0.052778
1 0.121354 0.085648 0.039583 0.037963
1 0.144010 0.095370 0.045312 0.033333
1 0.275521 0.397222 0.073958 0.057407
1 0.729688 0.426389 0.037500 0.078704