0 0.865104 0.175926 0.005208 0.020370
0 0.197656 0.246759 0.010937 0.025000
0 0.185156 0.242593 0.009896 0.035185
0 0.573698 0.182407 0.007812 0.020370
0 0.337240 0.305556 0.013021 0.027778
1 0.712760 0.104167 0.023438 0.036111
1 0.270833 0.669907 0.096875 0.108333
1 0.127604 0.120833 0.032292 0.032407
1 0.235937 0.376852 0.063542 0.062963
1 0.682813 0.202778 0.027083 0.050000
1 0.739062 0.136111 0.020833 0.035185
1 0.688542 0.071759 0.016667 0.034259
1 0.121354 0.085648 0.039583 0.037963
1 0.144010 0.093056 0.045312 0.028704
1 0.158594 0.338889 0.066146 0.050000
1 0.662240 0.145370 0.029687 0.059259
1 0.765104 0.197222 0.026042 0.044444