0 0.209896 0.571296 0.015625 0.040741
0 0.168750 0.400926 0.008333 0.016667
0 0.218490 0.682407 0.014063 0.046296
0 0.868750 0.621759 0.019792 0.047222
0 0.375000 0.752778 0.016667 0.040741
0 0.498437 0.693056 0.010417 0.043519
1 0.854688 0.184259 0.008333 0.016667
1 0.789844 0.751389 0.095312 0.141667
1 0.185677 0.437037 0.020313 0.040741
1 0.736719 0.798611 0.085938 0.143519
1 0.155990 0.633333 0.095312 0.088889
1 0.443750 0.554630 0.067708 0.096296
3 0.095833 0.494907 0.191667 0.202778
3 0.311198 0.471759 0.094271 0.095370