0 0.726562 0.543056 0.011458 0.039815
0 0.514062 0.639815 0.006250 0.040741
0 0.736198 0.544444 0.011979 0.038889
0 0.786719 0.445370 0.010937 0.040741
0 0.925260 0.686574 0.022396 0.047222
0 0.789062 0.558796 0.021875 0.026852
0 0.487500 0.135648 0.005208 0.028704
1 0.372917 0.348611 0.057292 0.058333
1 0.519792 0.917593 0.077083 0.162963
1 0.786198 0.888889 0.102604 0.168519
1 0.573438 0.846296 0.072917 0.150000
1 0.201302 0.541667 0.064062 0.068519
1 0.841146 0.836574 0.107292 0.162037
1 0.833594 0.136574 0.034896 0.036111
2 0.205990 0.424074 0.032813 0.037037
2 0.100781 0.667130 0.049479 0.037963
3 0.445573 0.710648 0.067187 0.139815
3 0.050521 0.609259 0.101042 0.125926