0 0.404427 0.721296 0.013021 0.044444
0 0.247656 0.724074 0.019271 0.042593
0 0.511198 0.661574 0.013021 0.039815
0 0.642969 0.283333 0.007812 0.033333
0 0.725521 0.550463 0.010417 0.039815
0 0.771094 0.531481 0.011979 0.040741
0 0.461198 0.721296 0.022396 0.042593
0 0.250521 0.252778 0.009375 0.033333
1 0.518229 0.375000 0.060417 0.057407
1 0.460677 0.431019 0.066146 0.056481
1 0.717969 0.269444 0.041146 0.044444
1 0.618490 0.425926 0.034896 0.075926
1 0.671615 0.206944 0.027604 0.041667
3 0.731771 0.193981 0.109375 0.121296
3 0.599479 0.321296 0.067708 0.079630