0 0.396875 0.725000 0.012500 0.038889
0 0.241927 0.719444 0.018229 0.042593
0 0.505990 0.665278 0.013021 0.043519
0 0.642969 0.283333 0.007812 0.033333
0 0.721094 0.555093 0.010937 0.039815
0 0.765104 0.529167 0.013542 0.039815
0 0.451302 0.726852 0.019271 0.040741
0 0.244792 0.255556 0.009375 0.033333
1 0.518229 0.375000 0.060417 0.057407
1 0.448958 0.427778 0.066667 0.055556
1 0.725521 0.264815 0.040625 0.044444
1 0.618490 0.425926 0.034896 0.075926
1 0.666146 0.209259 0.027083 0.042593
3 0.726562 0.197685 0.109375 0.125000
3 0.599479 0.321296 0.067708 0.079630