0 0.776563 0.543056 0.017708 0.041667
0 0.562500 0.635185 0.010417 0.044444
0 0.784115 0.555556 0.016146 0.042593
0 0.823698 0.522222 0.010937 0.018519
0 0.852604 0.626852 0.026042 0.027778
0 0.520052 0.119444 0.005729 0.027778
1 0.111979 0.470370 0.063542 0.068519
1 0.482292 0.298148 0.052083 0.053704
1 0.519792 0.917593 0.077083 0.162963
1 0.786198 0.888889 0.102604 0.168519
1 0.573438 0.846296 0.072917 0.150000
1 0.841146 0.836574 0.107292 0.162037
2 0.337760 0.363426 0.027604 0.034259
2 0.100781 0.667130 0.049479 0.037963
3 0.445573 0.710648 0.067187 0.139815