0 0.183333 0.387037 0.012500 0.037037
0 0.588802 0.586111 0.008854 0.040741
0 0.185677 0.416667 0.010937 0.038889
0 0.200260 0.525926 0.011979 0.040741
1 0.419010 0.328241 0.028646 0.039815
1 0.663281 0.253241 0.053646 0.049074
1 0.785417 0.233796 0.038542 0.041667
1 0.051823 0.621296 0.103646 0.090741
1 0.801823 0.909722 0.106771 0.178704
1 0.641927 0.622222 0.066146 0.107407
1 0.715625 0.189815 0.040625 0.040741
1 0.740365 0.216667 0.043229 0.040741
1 0.545052 0.262500 0.060937 0.067593
3 0.055208 0.680093 0.102083 0.108333