0 0.413542 0.532407 0.011458 0.040741
0 0.483854 0.287963 0.008333 0.040741
0 0.533073 0.053704 0.009896 0.022222
0 0.052083 0.263426 0.017708 0.041667
1 0.740365 0.154167 0.021354 0.039815
1 0.718490 0.534722 0.068229 0.180556
1 0.766667 0.244444 0.036458 0.059259
1 0.709375 0.075463 0.029167 0.047222
1 0.379427 0.411574 0.065104 0.062037
1 0.646094 0.087037 0.027604 0.059259
1 0.171615 0.808796 0.145313 0.117593
1 0.209896 0.693056 0.116667 0.084259
1 0.144010 0.472685 0.091146 0.067593
2 0.488802 0.400463 0.034896 0.037963
2 0.651302 0.385648 0.014063 0.037963
3 0.671354 0.225926 0.040625 0.124074