0 0.200521 0.440741 0.011458 0.040741
0 0.647135 0.546296 0.009896 0.038889
0 0.204427 0.500926 0.010937 0.042593
0 0.202083 0.618519 0.014583 0.044444
1 0.586458 0.250000 0.025000 0.035185
1 0.766927 0.243981 0.050521 0.041667
1 0.714323 0.228704 0.050521 0.046296
1 0.645833 0.309722 0.041667 0.049074
1 0.717187 0.762037 0.081250 0.135185
1 0.763542 0.167593 0.039583 0.038889
1 0.770573 0.201852 0.042188 0.038889
1 0.677865 0.201389 0.054688 0.060185
3 0.081250 0.510185 0.162500 0.207407
3 0.840885 0.191667 0.041146 0.062963