1 0.897135 0.767130 0.196354 0.273148
1 0.529948 0.383333 0.086979 0.172222
1 0.065104 0.032870 0.059375 0.058333
1 0.887240 0.902778 0.203646 0.190741
1 0.597135 0.021296 0.057813 0.040741
1 0.242188 0.049537 0.072917 0.082407
0 0.518750 0.425463 0.013542 0.069444
1 0.195135 0.177380 0.063965 0.074483
1 0.490589 0.135434 0.056104 0.089041
0 0.607653 0.262849 0.014381 0.051652
1 0.116569 0.086405 0.059888 0.068425
2 0.322119 0.019543 0.062601 0.039086
0 0.357160 0.020009 0.009863 0.038267
1 0.096560 0.329257 0.026510 0.030768
