1 0.270573 0.029167 0.079687 0.058333
1 0.155208 0.128704 0.076042 0.101852
1 0.397135 0.019907 0.019271 0.013889
1 0.524479 0.081019 0.071875 0.108333
1 0.080729 0.044907 0.069792 0.086111
0 0.604688 0.275926 0.014583 0.064815
1 0.854736 0.904962 0.165519 0.183197
0 0.437674 0.068498 0.011493 0.048004
1 0.904267 0.822863 0.092985 0.121187
0 0.516658 0.122240 0.009259 0.047841
1 0.893267 0.781889 0.181673 0.232027
0 0.498702 0.076415 0.016195 0.052537
0 0.501042 0.076317 0.010986 0.051894
4 0.893599 0.781166 0.182282 0.229376
0 0.496370 0.083723 0.015347 0.031440
