1 0.219531 0.032407 0.086979 0.059259
1 0.125521 0.094907 0.072917 0.095370
1 0.379948 0.023148 0.019271 0.037037
1 0.554427 0.054167 0.067187 0.086111
1 0.064323 0.032407 0.053646 0.053704
0 0.603646 0.283333 0.014583 0.064815
1 0.854997 0.902987 0.166602 0.185607
0 0.433710 0.067372 0.010603 0.050514
1 0.904261 0.822872 0.092820 0.121805
1 0.893117 0.780287 0.181672 0.230684
0 0.496500 0.068495 0.007610 0.042286
0 0.520798 0.124142 0.010160 0.044545
0 0.493605 0.071155 0.013900 0.047913
0 0.495668 0.071278 0.009922 0.046839
0 0.492528 0.080153 0.013433 0.030671
4 0.893505 0.779516 0.182399 0.228070
