1 0.361458 0.746296 0.157292 0.274074
1 0.633854 0.504167 0.118750 0.187963
1 0.505990 0.710185 0.121354 0.214815
1 0.381250 0.385185 0.114583 0.172222
1 0.597135 0.021296 0.057813 0.040741
0 0.535937 0.400000 0.014583 0.068519
1 0.843789 0.727050 0.182061 0.206053
1 0.570784 0.607641 0.109582 0.161235
1 0.765442 0.821603 0.146088 0.210107
0 0.439587 0.022164 0.011921 0.043183
0 0.578717 0.207779 0.013179 0.052878
0 0.380437 0.031518 0.011704 0.055956
0 0.385186 0.041466 0.021404 0.081409
1 0.622323 0.527645 0.062717 0.077480
0 0.443054 0.022112 0.019258 0.043192
0 0.380940 0.036567 0.013836 0.071409
