1 0.897135 0.767130 0.196354 0.273148
1 0.529948 0.383333 0.086979 0.172222
1 0.039323 0.007407 0.028646 0.014815
1 0.858854 0.872685 0.195833 0.186111
1 0.597135 0.021296 0.057813 0.040741
1 0.154948 0.067130 0.084896 0.067593
0 0.518750 0.425463 0.013542 0.069444
1 0.543308 0.060903 0.060177 0.072594
1 0.072829 0.036284 0.057935 0.059465
0 0.605341 0.277955 0.016299 0.052393
1 0.145222 0.109737 0.047821 0.061948
1 0.236412 0.032635 0.092784 0.059154
0 0.352317 0.017183 0.009295 0.032954
0 0.408258 0.018042 0.010250 0.035186
