1 0.420052 0.408333 0.101562 0.188889
1 0.413542 0.827315 0.187500 0.339815
1 0.487760 0.293056 0.061979 0.152778
0 0.960417 0.550463 0.047917 0.071296
0 0.685417 0.025926 0.015625 0.051852
0 0.421094 0.036574 0.010937 0.056481
1 0.854537 0.738539 0.174868 0.211313
1 0.820439 0.874908 0.197072 0.240998
1 0.054010 0.262731 0.032263 0.036524
0 0.576783 0.143592 0.010104 0.049167
1 0.118354 0.357414 0.080486 0.117032
0 0.410292 0.029373 0.011559 0.047657
1 0.024687 0.195172 0.049276 0.080430
1 0.023743 0.206021 0.046593 0.056690
