1 0.437760 0.814352 0.171354 0.206481
1 0.627083 0.497222 0.117708 0.187037
1 0.603125 0.835185 0.139583 0.244444
1 0.328125 0.324537 0.108333 0.158333
1 0.597135 0.021296 0.057813 0.040741
0 0.532552 0.404630 0.014063 0.068519
1 0.558393 0.440706 0.108143 0.146726
1 0.766710 0.652893 0.160070 0.183588
1 0.498047 0.526431 0.103865 0.143540
1 0.690772 0.739169 0.129514 0.179339
0 0.581008 0.212811 0.013967 0.054252
0 0.436325 0.021779 0.011323 0.043079
0 0.379537 0.030120 0.013033 0.059071
1 0.550565 0.448807 0.049608 0.076877
