1 0.366146 0.528704 0.126042 0.201852
1 0.313802 0.671296 0.148438 0.250000
1 0.118490 0.359259 0.110937 0.162963
1 0.506510 0.524074 0.138021 0.214815
0 0.030729 0.077778 0.029167 0.057407
0 0.460156 0.068519 0.009896 0.057407
1 0.028631 0.203867 0.057201 0.087346
1 0.088658 0.154668 0.060776 0.084560
0 0.449082 0.063667 0.015775 0.045377
4 0.898860 0.789150 0.182897 0.231939
1 0.899419 0.788735 0.184112 0.231246
1 0.018670 0.151327 0.037274 0.067822
1 0.054525 0.262191 0.031708 0.035812
1 0.096761 0.329035 0.025973 0.030471
1 0.090242 0.162071 0.053332 0.066675
