1 0.114583 0.352778 0.104167 0.151852
1 0.844010 0.905093 0.044271 0.113889
1 0.914062 0.789352 0.044792 0.121296
1 0.680990 0.724074 0.151562 0.235185
1 0.727865 0.602778 0.165104 0.231481
0 0.383333 0.031481 0.012500 0.055556
0 0.444271 0.024537 0.007292 0.049074
0 0.577083 0.197685 0.012500 0.062037
1 0.838727 0.900014 0.145397 0.192183
0 0.482267 0.100361 0.009745 0.047081
1 0.600229 0.012760 0.038369 0.025196
0 0.473146 0.081560 0.010703 0.043525
0 0.534433 0.113058 0.007804 0.042434
0 0.533483 0.115724 0.009286 0.049679
0 0.470837 0.089465 0.015816 0.056879
0 0.530919 0.117381 0.015433 0.052872
