0 0.455990 0.369907 0.008854 0.043519
0 0.075781 0.267130 0.015104 0.032407
0 0.448698 0.486574 0.010937 0.047222
0 0.533073 0.060185 0.008854 0.022222
0 0.225781 0.269907 0.016146 0.039815
1 0.912240 0.798611 0.051562 0.087963
1 0.648958 0.099537 0.036458 0.084259
1 0.847656 0.546759 0.061979 0.123148
1 0.850781 0.873611 0.077604 0.162037
1 0.132292 0.806019 0.147917 0.117593
1 0.174740 0.691204 0.118229 0.084259
1 0.663802 0.580093 0.093229 0.113889
2 0.069271 0.392130 0.040625 0.036111
2 0.610677 0.125463 0.010937 0.041667
3 0.726823 0.082870 0.031771 0.065741