0 0.434896 0.302778 0.008333 0.038889
0 0.138802 0.269907 0.016146 0.030556
0 0.429948 0.612963 0.013021 0.051852
0 0.532813 0.082407 0.010417 0.031481
0 0.227083 0.269907 0.011458 0.041667
1 0.645573 0.075463 0.034896 0.078704
1 0.947396 0.905093 0.095833 0.187963
1 0.132292 0.806019 0.147917 0.117593
1 0.174740 0.691204 0.118229 0.084259
1 0.844792 0.896759 0.103125 0.204630
2 0.110937 0.393981 0.039583 0.036111
2 0.608333 0.100000 0.010417 0.040741
2 0.079427 0.464815 0.031771 0.037037
3 0.759375 0.200000 0.039583 0.081481