0 0.350521 0.760185 0.013542 0.040741
0 0.216146 0.681944 0.013542 0.047222
0 0.474219 0.681019 0.006771 0.043519
0 0.642969 0.282870 0.007812 0.034259
0 0.691667 0.582407 0.013542 0.042593
0 0.739844 0.545370 0.013021 0.042593
0 0.396875 0.755556 0.019792 0.042593
0 0.210677 0.273148 0.009896 0.033333
1 0.518229 0.375000 0.060417 0.057407
1 0.360677 0.420833 0.067187 0.056481
1 0.777865 0.237500 0.039062 0.041667
1 0.618490 0.425926 0.034896 0.075926
1 0.628125 0.229630 0.038542 0.044444
3 0.705729 0.207407 0.111458 0.127778
3 0.599479 0.321296 0.067708 0.079630