0 0.921875 0.175463 0.013542 0.037963
0 0.165365 0.161111 0.011979 0.042593
0 0.454427 0.273611 0.013021 0.045370
0 0.186198 0.170833 0.009896 0.043519
0 0.928385 0.237037 0.016146 0.046296
0 0.939583 0.128704 0.014583 0.025926
1 0.722656 0.088889 0.031771 0.053704
1 0.653385 0.135185 0.051562 0.090741
1 0.120573 0.347222 0.078646 0.079630
1 0.700781 0.340741 0.045312 0.083333
1 0.558333 0.607407 0.107292 0.122222
1 0.694271 0.161111 0.035417 0.072222
2 0.676302 0.087500 0.009896 0.017593
3 0.083594 0.238426 0.092188 0.097222