0 0.868490 0.239352 0.008854 0.034259
0 0.174479 0.237963 0.011458 0.025926
0 0.232813 0.264352 0.010417 0.036111
0 0.593229 0.143981 0.007292 0.019444
0 0.266927 0.275926 0.013021 0.025926
1 0.687240 0.190741 0.028646 0.048148
1 0.615885 0.576852 0.073438 0.107407
1 0.718750 0.056481 0.015625 0.029630
1 0.146094 0.112037 0.032813 0.029630
1 0.235937 0.376852 0.063542 0.062963
1 0.670573 0.244444 0.029687 0.055556
1 0.656771 0.164352 0.023958 0.043519
1 0.102604 0.094907 0.035417 0.039815
1 0.708854 0.117130 0.025000 0.039815
1 0.128646 0.104167 0.046875 0.036111
1 0.158594 0.338889 0.066146 0.050000
1 0.632552 0.222222 0.035937 0.072222
1 0.777865 0.089815 0.019271 0.031481
2 0.095833 0.544444 0.034375 0.042593