0 0.898177 0.344444 0.007812 0.024074
0 0.582812 0.297685 0.012500 0.049074
0 0.170833 0.582407 0.021875 0.055556
0 0.285156 0.468056 0.010937 0.034259
0 0.780990 0.362500 0.011979 0.052778
0 0.817969 0.388889 0.014063 0.051852
1 0.628125 0.198611 0.042708 0.071296
1 0.504948 0.584259 0.083854 0.155556
1 0.817448 0.086574 0.030729 0.049074
2 0.782552 0.280093 0.015104 0.043519
2 0.673438 0.232870 0.013542 0.039815
2 0.474740 0.850926 0.023438 0.107407
3 0.734375 0.213426 0.055208 0.106481
3 0.704688 0.677315 0.130208 0.349074