0 0.893229 0.361111 0.021875 0.046296
0 0.057552 0.108796 0.013021 0.034259
0 0.866927 0.375463 0.017188 0.052778
1 0.623437 0.364815 0.052083 0.101852
1 0.207292 0.398611 0.067708 0.075000
1 0.783333 0.259259 0.040625 0.074074
1 0.498698 0.355556 0.115104 0.112963
1 0.120573 0.347222 0.078646 0.079630
1 0.621354 0.207870 0.043750 0.078704
1 0.475781 0.471759 0.078646 0.097222
1 0.250000 0.342593 0.081250 0.072222
2 0.589323 0.285185 0.016146 0.038889
2 0.786458 0.168519 0.013542 0.040741
3 0.672135 0.438426 0.076563 0.158333
3 0.083594 0.238426 0.092188 0.097222