0 0.453125 0.386111 0.010417 0.046296
0 0.059115 0.266204 0.015104 0.032407
0 0.450260 0.462963 0.010937 0.046296
0 0.206250 0.268981 0.016667 0.039815
1 0.880208 0.679630 0.044792 0.075926
1 0.653385 0.126852 0.038021 0.088889
1 0.825000 0.464815 0.057292 0.107407
1 0.817448 0.742593 0.076563 0.140741
1 0.132292 0.806019 0.147917 0.117593
1 0.174740 0.691204 0.118229 0.084259
1 0.621094 0.543056 0.092188 0.095370
2 0.613542 0.153241 0.011458 0.043519
2 0.644010 0.070833 0.008854 0.021296
3 0.718490 0.052315 0.029687 0.062037