0 0.444010 0.276389 0.019271 0.039815
0 0.220833 0.186574 0.012500 0.043519
0 0.419792 0.255556 0.007292 0.046296
1 0.369010 0.508796 0.092188 0.106481
1 0.653385 0.281481 0.045312 0.085185
1 0.475521 0.371296 0.065625 0.072222
1 0.129948 0.275926 0.070312 0.066667
1 0.763021 0.364815 0.041667 0.079630
1 0.601042 0.416204 0.068750 0.147222
1 0.822396 0.061574 0.035417 0.058333
1 0.787760 0.242130 0.039062 0.075000
1 0.590625 0.275926 0.059375 0.090741
1 0.112500 0.341204 0.063542 0.069444
1 0.699740 0.336111 0.063021 0.120370
1 0.686719 0.190278 0.039062 0.069444
2 0.065365 0.237500 0.023438 0.037963