0 0.852865 0.323611 0.011979 0.034259
0 0.103385 0.203241 0.010937 0.025000
0 0.303125 0.293056 0.009375 0.037963
0 0.612760 0.105556 0.007812 0.018519
0 0.293229 0.287500 0.015625 0.030556
1 0.687240 0.190741 0.028646 0.048148
1 0.523438 0.891667 0.045833 0.144444
1 0.709635 0.265278 0.032813 0.054630
1 0.710677 0.109259 0.019271 0.035185
1 0.235937 0.376852 0.063542 0.062963
1 0.670573 0.244444 0.029687 0.055556
1 0.653125 0.948611 0.041667 0.100926
1 0.718229 0.068981 0.017708 0.032407
1 0.651823 0.178241 0.023438 0.045370
1 0.690365 0.056019 0.017188 0.030556
1 0.700000 0.146759 0.027083 0.043519
1 0.158594 0.338889 0.066146 0.050000
1 0.632552 0.222222 0.035937 0.072222
2 0.101562 0.548148 0.034375 0.042593