0 0.864844 0.278704 0.009896 0.037037
0 0.139583 0.220833 0.010417 0.025000
0 0.259635 0.277778 0.008854 0.037037
0 0.602604 0.125463 0.008333 0.019444
0 0.271354 0.277778 0.015625 0.029630
1 0.687240 0.190741 0.028646 0.048148
1 0.679948 0.397222 0.041146 0.077778
1 0.715625 0.090278 0.018750 0.034259
1 0.113281 0.105093 0.047396 0.052778
1 0.235937 0.376852 0.063542 0.062963
1 0.670573 0.244444 0.029687 0.055556
1 0.651823 0.178241 0.023438 0.045370
1 0.700000 0.146759 0.027083 0.043519
1 0.158594 0.338889 0.066146 0.050000
1 0.632552 0.222222 0.035937 0.072222
2 0.101562 0.548148 0.034375 0.042593