0 0.364063 0.351389 0.020833 0.041667
0 0.215625 0.500000 0.016667 0.059259
0 0.205729 0.528704 0.017708 0.061111
0 0.201302 0.578241 0.018229 0.060185
0 0.366667 0.251852 0.011458 0.046296
0 0.271354 0.212037 0.011458 0.037037
1 0.188542 0.387963 0.085417 0.077778
1 0.295833 0.454167 0.087500 0.086111
1 0.213542 0.321759 0.060417 0.063889
1 0.129948 0.275926 0.070312 0.066667
1 0.127083 0.770833 0.123958 0.167593
1 0.303646 0.371296 0.080208 0.083333
1 0.102604 0.335185 0.063542 0.068519
1 0.443750 0.487963 0.109375 0.077778
2 0.065365 0.237500 0.023438 0.037963