0 0.892969 0.358333 0.019271 0.046296
0 0.058594 0.108333 0.013021 0.035185
0 0.866927 0.375463 0.017188 0.052778
1 0.625000 0.360185 0.052083 0.101852
1 0.207292 0.398611 0.067708 0.075000
1 0.782552 0.262963 0.041146 0.074074
1 0.501302 0.354630 0.114062 0.118519
1 0.120573 0.347222 0.078646 0.079630
1 0.622396 0.206481 0.043750 0.077778
1 0.480469 0.470370 0.078646 0.096296
1 0.253906 0.344444 0.081771 0.072222
2 0.590625 0.283333 0.015625 0.038889
2 0.786719 0.171296 0.013021 0.040741
3 0.670833 0.443981 0.077083 0.160185
3 0.083594 0.238426 0.092188 0.097222