0 0.201302 0.450463 0.011979 0.041667
0 0.657813 0.540741 0.010417 0.038889
0 0.205208 0.514352 0.011458 0.043519
0 0.205729 0.632870 0.014583 0.045370
1 0.605208 0.241667 0.025000 0.035185
1 0.750521 0.253241 0.051042 0.043519
1 0.714323 0.228704 0.050521 0.046296
1 0.631510 0.325463 0.038021 0.052778
1 0.717187 0.762037 0.081250 0.135185
1 0.775260 0.162037 0.039062 0.038889
1 0.770573 0.201852 0.042188 0.038889
1 0.691146 0.195370 0.054167 0.059259
3 0.081250 0.510185 0.162500 0.207407
3 0.830990 0.199537 0.051562 0.063889