0 0.731250 0.445833 0.012500 0.045370
0 0.746875 0.373611 0.013542 0.045370
0 0.235677 0.578704 0.015104 0.046296
0 0.751042 0.278704 0.011458 0.046296
0 0.154167 0.817130 0.022917 0.043519
0 0.399219 0.062963 0.006771 0.040741
1 0.521354 0.212037 0.030208 0.092593
1 0.511458 0.410648 0.035417 0.112037
1 0.573177 0.537963 0.038021 0.109259
1 0.469792 0.205093 0.033333 0.089815
1 0.340885 0.680093 0.083854 0.125000
3 0.416927 0.138889 0.076563 0.224074
3 0.575260 0.229630 0.040104 0.114815
3 0.496094 0.664352 0.051562 0.230556
