0 0.421354 0.486574 0.011458 0.043519
0 0.465104 0.323148 0.009375 0.044444
0 0.533073 0.078704 0.008854 0.022222
0 0.079687 0.264352 0.017708 0.041667
1 0.760677 0.230556 0.024479 0.044444
1 0.696094 0.393056 0.056771 0.143519
1 0.792969 0.342130 0.042188 0.071296
1 0.735938 0.135185 0.033333 0.055556
1 0.485417 0.416204 0.063542 0.062037
1 0.646094 0.087037 0.027604 0.059259
1 0.132292 0.806019 0.147917 0.117593
1 0.174740 0.691204 0.118229 0.084259
1 0.245833 0.478241 0.089583 0.067593
2 0.564063 0.352778 0.026042 0.048148
2 0.675000 0.290278 0.012500 0.034259
3 0.659896 0.154630 0.036458 0.109259