0 0.363021 0.334259 0.020833 0.044444
0 0.147917 0.643056 0.021875 0.060185
0 0.050781 0.812037 0.032813 0.070370
0 0.292708 0.218981 0.010417 0.045370
0 0.326823 0.233333 0.008854 0.046296
1 0.188542 0.387963 0.085417 0.077778
1 0.410677 0.486574 0.099479 0.075000
1 0.220052 0.324537 0.060937 0.062037
1 0.129948 0.275926 0.070312 0.066667
1 0.807292 0.138426 0.030208 0.050926
1 0.396615 0.927315 0.115104 0.143519
1 0.820833 0.070833 0.029167 0.045370
1 0.404427 0.385648 0.082812 0.075000
1 0.102604 0.335185 0.063542 0.068519
1 0.759635 0.121759 0.043229 0.075000
1 0.605208 0.388426 0.075000 0.100926
2 0.065365 0.237500 0.023438 0.037963