0 0.820833 0.424074 0.013542 0.040741
0 0.400000 0.355556 0.011458 0.037037
0 0.222656 0.680556 0.016146 0.050000
0 0.634375 0.063426 0.006250 0.017593
0 0.410938 0.334259 0.013542 0.031481
1 0.641927 0.341204 0.038021 0.073148
1 0.209375 0.426389 0.054167 0.056481
1 0.747396 0.084259 0.019792 0.031481
1 0.718750 0.056944 0.018750 0.036111
1 0.676042 0.114815 0.022917 0.037037
1 0.682031 0.204630 0.024479 0.046296
1 0.711198 0.109259 0.021354 0.037037
1 0.071094 0.293981 0.056771 0.054630
1 0.729948 0.427778 0.034896 0.070370
1 0.384896 0.526852 0.081250 0.081481
1 0.605208 0.459259 0.043750 0.094444
1 0.745573 0.334259 0.021354 0.042593
1 0.123438 0.087037 0.042708 0.035185
1 0.694531 0.162500 0.024479 0.043519
1 0.600260 0.314352 0.033854 0.062037
1 0.640885 0.209722 0.030729 0.050926
1 0.664844 0.263426 0.034896 0.062037
1 0.527865 0.405556 0.076563 0.094444
2 0.101562 0.548148 0.034375 0.042593