0 0.361458 0.352778 0.018750 0.046296
0 0.213542 0.463889 0.015625 0.046296
0 0.222656 0.504167 0.016146 0.056481
0 0.240104 0.525463 0.016667 0.058333
0 0.418750 0.255556 0.007292 0.046296
0 0.225521 0.188426 0.013542 0.043519
1 0.692187 0.052315 0.032292 0.049074
1 0.188542 0.387963 0.085417 0.077778
1 0.295833 0.454167 0.087500 0.086111
1 0.213542 0.321759 0.060417 0.063889
1 0.129948 0.275926 0.070312 0.066667
1 0.303646 0.371296 0.080208 0.083333
1 0.102604 0.335185 0.063542 0.068519
1 0.443750 0.487963 0.109375 0.077778
2 0.065365 0.237500 0.023438 0.037963