0 0.215104 0.645370 0.017708 0.042593
0 0.784375 0.538889 0.012500 0.040741
0 0.251563 0.737500 0.014583 0.043519
0 0.401042 0.756481 0.018750 0.040741
1 0.209896 0.611574 0.071875 0.071296
1 0.846094 0.133796 0.022396 0.026852
1 0.636719 0.487963 0.053646 0.088889
1 0.845833 0.162963 0.039583 0.040741
1 0.742708 0.675000 0.066667 0.101852
1 0.717187 0.762037 0.081250 0.135185
1 0.366146 0.624074 0.080208 0.090741
1 0.591667 0.888426 0.081250 0.180556
3 0.081250 0.510185 0.162500 0.207407
3 0.515104 0.365741 0.075000 0.083333