0.0 0.172135 0.381019 0.023438 0.036111
0.0 0.934375 0.778704 0.028125 0.059259
0.0 0.205990 0.373611 0.018229 0.050926
1.0 0.576042 0.899537 0.105208 0.197222
1.0 0.883594 0.343056 0.064063 0.069444
1.0 0.179688 0.069907 0.030208 0.047222
1.0 0.319792 0.078241 0.029167 0.050926
1.0 0.763542 0.328704 0.105208 0.100000
1.0 0.487240 0.353704 0.081771 0.087037
1.0 0.773438 0.407407 0.073958 0.083333
1.0 0.910937 0.254167 0.070833 0.060185
2.0 0.612760 0.382407 0.031771 0.040741
3.0 0.249740 0.155093 0.049479 0.095370
