0.0 0.731177 0.285683 0.007339 0.014437
0.0 0.915435 0.565465 0.022541 0.024394
0.0 0.159002 0.425325 0.013105 0.020909
0.0 0.798013 0.491039 0.015202 0.020909
1.0 0.090331 0.489546 0.090688 0.038831
1.0 0.047608 0.566212 0.079680 0.043809
1.0 0.720430 0.332479 0.047703 0.022403
1.0 0.100814 0.588116 0.103269 0.048788
1.0 0.788053 0.713321 0.109560 0.099069
2.0 0.255719 0.551028 0.041937 0.019415
2.0 0.352959 0.449221 0.030928 0.017922
3.0 0.545868 0.725767 0.114801 0.085129
3.0 0.341688 0.420098 0.112180 0.056255
3.0 0.208277 0.512944 0.108512 0.053766
