0.0 0.482031 0.360185 0.020313 0.020370
0.0 0.915104 0.297685 0.018750 0.025000
0.0 0.529948 0.352315 0.009896 0.028704
1.0 0.530208 0.742593 0.072917 0.075926
1.0 0.245312 0.291204 0.045833 0.037963
1.0 0.351302 0.332870 0.048438 0.041667
1.0 0.963021 0.365278 0.073958 0.039815
1.0 0.242448 0.606481 0.074479 0.081481
1.0 0.281771 0.333796 0.064583 0.062037
1.0 0.116927 0.304630 0.055729 0.044444
1.0 0.187500 0.474537 0.067708 0.073148
1.0 0.313542 0.291204 0.053125 0.043519
1.0 0.781771 0.464815 0.087500 0.048148
1.0 0.351042 0.579167 0.118750 0.125000
1.0 0.217448 0.255093 0.040104 0.032407
