0.0 0.344271 0.320833 0.017708 0.047222
0.0 0.994271 0.639352 0.011458 0.052778
0.0 0.772135 0.423148 0.010937 0.029630
0.0 0.113542 0.367593 0.017708 0.050000
0.0 0.132552 0.381019 0.025521 0.050926
1.0 0.351823 0.253241 0.064063 0.075000
1.0 0.292708 0.893981 0.118750 0.173148
1.0 0.586979 0.468056 0.131250 0.102778
2.0 0.095052 0.223148 0.019271 0.038889
2.0 0.291146 0.300000 0.019792 0.042593
2.0 0.578646 0.637500 0.039583 0.080556
3.0 0.156510 0.166667 0.068229 0.092593
3.0 0.184375 0.543056 0.155208 0.278704
