0.0 0.072396 0.232870 0.018750 0.039815
0.0 0.882292 0.139815 0.013542 0.040741
0.0 0.635417 0.340741 0.011458 0.051852
0.0 0.870573 0.145370 0.014063 0.042593
1.0 0.284635 0.109722 0.032813 0.056481
1.0 0.523698 0.930093 0.053646 0.137963
1.0 0.346615 0.135185 0.051562 0.090741
1.0 0.879427 0.347222 0.078646 0.079630
1.0 0.244271 0.137963 0.034375 0.051852
1.0 0.289583 0.301389 0.045833 0.086111
1.0 0.305729 0.161111 0.035417 0.072222
2.0 0.323698 0.087500 0.009896 0.017593
3.0 0.916406 0.238426 0.092188 0.097222
