0.0 0.605469 0.361574 0.011979 0.030556
0.0 0.848958 0.288889 0.012500 0.029630
0.0 0.740365 0.431481 0.019271 0.020370
0.0 0.401042 0.228704 0.010417 0.024074
0.0 0.721354 0.449537 0.012500 0.036111
0.0 0.854688 0.284722 0.012500 0.028704
0.0 0.891927 0.288426 0.014062 0.028704
1.0 0.641146 0.427315 0.095833 0.049074
1.0 0.206510 0.425463 0.054688 0.063889
1.0 0.159375 0.283333 0.052083 0.055556
1.0 0.914323 0.355556 0.090104 0.040741
1.0 0.178646 0.350463 0.030208 0.034259
2.0 0.462760 0.581019 0.030729 0.050926
