0.0 0.047917 0.108796 0.017708 0.039815
0.0 0.826823 0.137500 0.014062 0.047222
0.0 0.493750 0.231944 0.012500 0.050926
0.0 0.810156 0.145833 0.011979 0.049074
0.0 0.032031 0.178704 0.016146 0.050000
0.0 0.036719 0.112037 0.017187 0.029630
1.0 0.336719 0.095370 0.054688 0.100000
1.0 0.889844 0.338426 0.083854 0.089815
1.0 0.334635 0.483796 0.069271 0.117593
1.0 0.588021 0.703704 0.132292 0.129630
1.0 0.293229 0.124074 0.037500 0.079630
2.0 0.312500 0.042130 0.010417 0.019444
3.0 0.942187 0.209722 0.097917 0.108333
