0.0 0.738281 0.403241 0.013021 0.047222
0.0 0.748958 0.329167 0.012500 0.047222
0.0 0.222917 0.595833 0.018750 0.043519
0.0 0.749479 0.245370 0.011458 0.042593
0.0 0.164844 0.737963 0.021354 0.050000
0.0 0.401302 0.051852 0.006771 0.038889
1.0 0.521354 0.212037 0.030208 0.092593
1.0 0.507552 0.492130 0.038021 0.125000
1.0 0.573438 0.451389 0.035417 0.097222
1.0 0.469792 0.205093 0.033333 0.089815
1.0 0.300521 0.721296 0.087500 0.120370
1.0 0.657552 0.900000 0.055729 0.198148
3.0 0.416927 0.138889 0.076563 0.224074
3.0 0.189844 0.936574 0.119271 0.110185
3.0 0.586979 0.177778 0.038542 0.107407
3.0 0.489583 0.787963 0.056250 0.257407
