0.0 0.361198 0.351389 0.021354 0.043519
0.0 0.209896 0.518519 0.018750 0.055556
0.0 0.166927 0.579167 0.026562 0.060185
0.0 0.158333 0.650926 0.025000 0.066667
0.0 0.333854 0.238426 0.010417 0.045370
0.0 0.296875 0.220370 0.011458 0.046296
1.0 0.188542 0.387963 0.085417 0.077778
1.0 0.295833 0.454167 0.087500 0.086111
1.0 0.213542 0.321759 0.060417 0.063889
1.0 0.129948 0.275926 0.070312 0.066667
1.0 0.303646 0.371296 0.080208 0.083333
1.0 0.102604 0.335185 0.063542 0.068519
1.0 0.467187 0.482407 0.109375 0.079630
2.0 0.065365 0.237500 0.023438 0.037963
