0.0 0.078646 0.165741 0.014583 0.037037
0.0 0.827344 0.163889 0.011979 0.044444
0.0 0.530469 0.268519 0.014062 0.046296
0.0 0.805990 0.172222 0.010937 0.044444
0.0 0.068490 0.229630 0.016146 0.046296
0.0 0.060417 0.134259 0.014583 0.025926
1.0 0.271615 0.074537 0.030729 0.052778
1.0 0.346615 0.134259 0.051562 0.090741
1.0 0.879167 0.346296 0.079167 0.079630
1.0 0.483333 0.637963 0.114583 0.120370
1.0 0.305208 0.160648 0.035417 0.071296
2.0 0.323438 0.087037 0.010417 0.018519
3.0 0.915885 0.237963 0.092188 0.096296
