0.0 0.429797 0.254796 0.016271 0.052877
0.0 0.283666 0.197254 0.014462 0.051840
0.0 0.030873 0.663815 0.041579 0.045620
0.0 0.618412 0.014645 0.009038 0.029291
0.0 0.055882 0.696993 0.022899 0.066355
0.0 0.025451 0.084242 0.017475 0.043546
0.0 0.263478 0.207621 0.012654 0.051840
1.0 0.672646 0.106533 0.047606 0.077760
1.0 0.776896 0.159928 0.058453 0.099533
1.0 0.854330 0.099276 0.037362 0.061172
1.0 0.701269 0.852125 0.118110 0.295750
1.0 0.547003 0.807931 0.066287 0.236391
2.0 0.721456 0.144376 0.013860 0.041472
