0.0 0.403906 0.454630 0.015104 0.053704
0.0 0.447917 0.312500 0.013542 0.054630
0.0 0.543490 0.014815 0.014062 0.029630
1.0 0.858854 0.226389 0.034375 0.056481
1.0 0.747656 0.309259 0.070312 0.155556
1.0 0.906510 0.372222 0.060937 0.092593
1.0 0.822656 0.101852 0.047396 0.070370
1.0 0.544271 0.407870 0.086458 0.078704
1.0 0.055469 0.864815 0.110937 0.140741
1.0 0.073698 0.727778 0.147396 0.100000
1.0 0.228906 0.476389 0.117187 0.082407
2.0 0.598698 0.309259 0.033854 0.057407
2.0 0.726823 0.200926 0.016146 0.038889
3.0 0.706250 0.060185 0.045833 0.120370
