0.0 0.656771 0.331944 0.013542 0.026852
0.0 0.815365 0.579167 0.020313 0.063889
0.0 0.895833 0.633333 0.025000 0.057407
0.0 0.894792 0.719907 0.023958 0.062037
0.0 0.694531 0.231019 0.009896 0.045370
0.0 0.683594 0.229630 0.007812 0.046296
1.0 0.810937 0.387500 0.085417 0.078704
1.0 0.680469 0.467593 0.091146 0.087037
1.0 0.785937 0.320833 0.060417 0.063889
1.0 0.869792 0.275463 0.069792 0.067593
1.0 0.181771 0.081019 0.027083 0.045370
1.0 0.670313 0.380093 0.084375 0.080556
1.0 0.897135 0.334722 0.064063 0.069444
1.0 0.224740 0.067130 0.039062 0.065741
1.0 0.451562 0.443519 0.097917 0.096296
2.0 0.934115 0.237037 0.023438 0.038889
