0.0 0.912671 0.245471 0.018805 0.041219
0.0 0.080276 0.080595 0.013059 0.045341
0.0 0.292097 0.412924 0.015671 0.056676
0.0 0.091769 0.086263 0.013059 0.046372
0.0 0.883419 0.325334 0.015671 0.054615
1.0 0.707641 0.090384 0.034999 0.066981
1.0 0.372542 0.515457 0.072087 0.105108
1.0 0.686485 0.790080 0.074176 0.207126
1.0 0.641300 0.124905 0.054849 0.107170
1.0 0.119454 0.329971 0.078878 0.088622
1.0 0.685179 0.024325 0.032910 0.048650
1.0 0.754655 0.105841 0.036043 0.064920
1.0 0.684135 0.156335 0.037088 0.085530
1.0 0.542312 0.794202 0.057461 0.205065
2.0 0.666897 0.067198 0.009925 0.024731
2.0 0.733760 0.535551 0.020373 0.073164
3.0 0.082366 0.208890 0.092460 0.108200
