0.0 0.636198 0.350926 0.021354 0.042593
0.0 0.784115 0.507870 0.017188 0.023148
0.0 0.788542 0.518519 0.017708 0.055556
0.0 0.790625 0.566667 0.018750 0.061111
0.0 0.626562 0.255093 0.010417 0.043519
0.0 0.738021 0.204167 0.009375 0.045370
1.0 0.825260 0.387500 0.056771 0.078704
1.0 0.785937 0.320833 0.060417 0.063889
1.0 0.869792 0.275463 0.069792 0.067593
1.0 0.849740 0.804167 0.117188 0.189815
1.0 0.897135 0.334722 0.064063 0.069444
1.0 0.556250 0.487500 0.109375 0.078704
2.0 0.934115 0.237037 0.023438 0.038889
