0.0 0.828125 0.450926 0.026042 0.037037
0.0 0.173958 0.072222 0.008333 0.025926
0.0 0.209635 0.418981 0.015104 0.036111
0.0 0.924219 0.381944 0.014063 0.037963
0.0 0.323958 0.334722 0.009375 0.036111
1.0 0.470833 0.277315 0.059375 0.049074
1.0 0.222917 0.161574 0.044792 0.039815
1.0 0.837760 0.446759 0.076563 0.067593
1.0 0.213802 0.896759 0.108854 0.184259
1.0 0.694271 0.378704 0.070833 0.062963
1.0 0.534896 0.762037 0.054167 0.118519
2.0 0.304688 0.237037 0.020833 0.027778
2.0 0.489583 0.357870 0.013542 0.030556
3.0 0.563542 0.382870 0.088542 0.180556
3.0 0.326302 0.196759 0.081771 0.082407
