0.0 0.016887 0.037708 0.015189 0.042951
0.0 0.822757 0.112307 0.013436 0.054254
0.0 0.411205 0.242292 0.016357 0.058775
0.0 0.808153 0.118525 0.012267 0.053125
0.0 0.007567 0.125307 0.015134 0.032779
1.0 0.327961 0.055024 0.057833 0.110047
1.0 0.781573 0.409576 0.095805 0.108509
1.0 0.557834 0.713626 0.127351 0.128854
1.0 0.841159 0.686499 0.135528 0.146938
1.0 0.282102 0.086311 0.039724 0.088163
1.0 0.936087 0.863390 0.096390 0.202324
2.0 0.302257 0.003595 0.011100 0.007191
3.0 0.957674 0.180691 0.084652 0.118681
