0.0 0.842334 0.463881 0.027170 0.027260
0.0 0.157937 0.185828 0.007064 0.019082
0.0 0.193801 0.439688 0.011411 0.026578
0.0 0.943133 0.415494 0.015758 0.028623
0.0 0.317693 0.375626 0.008150 0.025215
1.0 0.466582 0.335418 0.061403 0.036119
1.0 0.209288 0.250571 0.046732 0.028623
1.0 0.847496 0.459450 0.078791 0.051112
1.0 0.201409 0.792023 0.113568 0.135618
1.0 0.698608 0.409361 0.073357 0.046342
1.0 0.538853 0.687413 0.055969 0.085869
2.0 0.294056 0.305772 0.021735 0.020445
2.0 0.486959 0.393345 0.014128 0.022490
3.0 0.563848 0.411064 0.091833 0.131530
3.0 0.316878 0.276127 0.084768 0.060653
