0.0 0.720573 0.595833 0.009896 0.067593
0.0 0.308333 0.545370 0.008333 0.057407
0.0 0.723437 0.719907 0.010417 0.065741
0.0 0.670052 0.868056 0.013021 0.060185
1.0 0.588281 0.696759 0.050521 0.126852
1.0 0.325260 0.037037 0.017188 0.042593
1.0 0.415104 0.342130 0.022917 0.030556
1.0 0.322917 0.089352 0.036458 0.065741
1.0 0.395833 0.498611 0.032292 0.108333
1.0 0.339323 0.878241 0.059896 0.195370
1.0 0.241667 0.018981 0.023958 0.037963
3.0 0.809115 0.514352 0.120313 0.299074
3.0 0.366927 0.149537 0.047396 0.041667
