0.0 0.863542 0.288426 0.009375 0.037963
0.0 0.132812 0.216204 0.010417 0.025000
0.0 0.264062 0.281019 0.009375 0.036111
0.0 0.603906 0.120833 0.006771 0.019444
0.0 0.260938 0.271759 0.010417 0.025000
1.0 0.687240 0.190741 0.028646 0.048148
1.0 0.686719 0.366204 0.039062 0.071296
1.0 0.714063 0.095833 0.018750 0.034259
1.0 0.096094 0.116667 0.052604 0.055556
1.0 0.235417 0.376852 0.063542 0.062963
1.0 0.670313 0.243519 0.029167 0.055556
1.0 0.651563 0.178241 0.023958 0.045370
1.0 0.699740 0.145833 0.026563 0.043519
1.0 0.158594 0.338889 0.066146 0.050000
1.0 0.632292 0.221296 0.035417 0.072222
2.0 0.101042 0.547685 0.034375 0.043519
