0 0.189323 0.235185 0.021354 0.038889
0 0.210156 0.184259 0.020313 0.042593
0 0.130469 0.053704 0.023438 0.050000
0 0.438802 0.091667 0.013021 0.055556
1 0.395573 0.151389 0.048438 0.156481
1 0.532031 0.911574 0.049479 0.175000
1 0.452604 0.627315 0.047917 0.208333
1 0.307552 0.405093 0.052604 0.180556
1 0.329167 0.117130 0.051042 0.154630
1 0.533333 0.617130 0.045833 0.186111
1 0.473438 0.051852 0.051042 0.103704
2 0.461979 0.262500 0.016667 0.069444
3 0.642448 0.765741 0.121354 0.466667
3 0.541406 0.135648 0.085938 0.271296
