0.0 0.807031 0.586111 0.013021 0.046296
0.0 0.235677 0.528704 0.013021 0.040741
0.0 0.798958 0.671759 0.014583 0.045370
0.0 0.713021 0.758796 0.017708 0.041667
1.0 0.639583 0.622685 0.067708 0.082407
1.0 0.250521 0.174537 0.022917 0.030556
1.0 0.385938 0.385185 0.026042 0.070370
1.0 0.246875 0.209259 0.048958 0.044444
1.0 0.350000 0.519444 0.047917 0.077778
1.0 0.282813 0.762037 0.081250 0.135185
1.0 0.505990 0.849537 0.071354 0.171296
1.0 0.142969 0.156944 0.019271 0.030556
1.0 0.180990 0.137500 0.050521 0.050926
3.0 0.918750 0.510185 0.162500 0.207407
3.0 0.339063 0.289815 0.065625 0.074074
