0.0 0.827865 0.450926 0.026563 0.037037
0.0 0.171615 0.071759 0.005729 0.026852
0.0 0.205990 0.418056 0.010937 0.036111
0.0 0.924740 0.384259 0.015104 0.038889
0.0 0.324740 0.331019 0.007812 0.034259
1.0 0.467969 0.276389 0.058854 0.049074
1.0 0.221094 0.160185 0.045313 0.038889
1.0 0.832812 0.443519 0.076042 0.068519
1.0 0.213281 0.895833 0.108854 0.184259
1.0 0.690365 0.376852 0.070312 0.062963
1.0 0.537240 0.754630 0.053646 0.116667
2.0 0.302344 0.235648 0.020313 0.028704
2.0 0.487240 0.355093 0.014062 0.030556
3.0 0.561198 0.379167 0.088021 0.178704
3.0 0.323958 0.194907 0.081250 0.082407
