0.0 0.938021 0.283796 0.017708 0.021296
0.0 0.068750 0.171759 0.014583 0.036111
0.0 0.306510 0.420833 0.016146 0.049074
0.0 0.077604 0.174537 0.011458 0.037963
0.0 0.907812 0.349537 0.017708 0.043519
1.0 0.726042 0.156019 0.034375 0.049074
1.0 0.416146 0.575000 0.072917 0.100000
1.0 0.663281 0.851852 0.090104 0.174074
1.0 0.660937 0.178704 0.054167 0.079630
1.0 0.755729 0.219907 0.039583 0.056481
1.0 0.703906 0.201389 0.036979 0.063889
1.0 0.528646 0.860185 0.085417 0.157407
2.0 0.684896 0.136574 0.010417 0.015741
2.0 0.723958 0.617593 0.023958 0.064815
3.0 0.062500 0.269444 0.096875 0.085185
