0.0 0.553385 0.274074 0.016146 0.033333
0.0 0.140885 0.148611 0.015104 0.041667
0.0 0.513542 0.267593 0.011458 0.048148
1.0 0.720313 0.094907 0.031250 0.054630
1.0 0.648438 0.149537 0.033333 0.058333
1.0 0.129688 0.275463 0.069792 0.067593
1.0 0.697917 0.149537 0.043750 0.089815
1.0 0.780469 0.278704 0.050521 0.094444
1.0 0.701823 0.681481 0.069271 0.183333
1.0 0.671615 0.094444 0.038021 0.062963
1.0 0.412240 0.568981 0.068229 0.110185
1.0 0.530990 0.900926 0.117188 0.194444
2.0 0.065365 0.237037 0.023438 0.038889
