0.0 0.529757 0.592529 0.006112 0.035055
0.0 0.448688 0.690356 0.008686 0.036686
0.0 0.544073 0.610463 0.005791 0.038316
0.0 0.596832 0.324319 0.004504 0.031794
0.0 0.675649 0.539946 0.007721 0.035870
0.0 0.732591 0.619023 0.010938 0.037501
0.0 0.562571 0.580708 0.012547 0.034240
0.0 0.417323 0.231382 0.003860 0.026903
1.0 0.428100 0.451901 0.042787 0.057066
1.0 0.662138 0.208556 0.025736 0.033424
1.0 0.610183 0.666714 0.047934 0.108425
1.0 0.565627 0.348776 0.027667 0.043207
1.0 0.612274 0.563180 0.043108 0.092121
1.0 0.631415 0.227307 0.022841 0.036686
2.0 0.397377 0.593344 0.023806 0.033424
3.0 0.707659 0.185730 0.052438 0.098642
3.0 0.504986 0.384238 0.044073 0.075001
