0.0 0.643750 0.757407 0.013542 0.044444
0.0 0.783073 0.689352 0.015104 0.047222
0.0 0.520052 0.676852 0.008854 0.040741
0.0 0.357031 0.283333 0.007812 0.033333
0.0 0.304167 0.578241 0.011458 0.039815
0.0 0.257292 0.541204 0.014583 0.039815
0.0 0.595052 0.751389 0.020313 0.041667
0.0 0.783333 0.270833 0.011458 0.032407
1.0 0.481771 0.375000 0.060417 0.057407
1.0 0.627083 0.418981 0.066667 0.054630
1.0 0.229167 0.240741 0.039583 0.042593
1.0 0.381510 0.425926 0.034896 0.075926
1.0 0.364844 0.225926 0.038021 0.044444
3.0 0.294271 0.207407 0.111458 0.127778
3.0 0.400521 0.321296 0.067708 0.079630
