0.0 0.071354 0.219907 0.015625 0.039815
0.0 0.872396 0.143981 0.012500 0.041667
0.0 0.619792 0.313889 0.010417 0.048148
0.0 0.855990 0.150926 0.010937 0.042593
0.0 0.082812 0.260185 0.009375 0.012963
0.0 0.063021 0.091667 0.013542 0.024074
1.0 0.284635 0.109722 0.032813 0.056481
1.0 0.346615 0.135185 0.051562 0.090741
1.0 0.879427 0.347222 0.078646 0.079630
1.0 0.255729 0.179167 0.036458 0.056481
1.0 0.308594 0.369907 0.051562 0.100926
1.0 0.305729 0.161111 0.035417 0.072222
2.0 0.323698 0.087500 0.009896 0.017593
3.0 0.916406 0.238426 0.092188 0.097222
