0.0 0.932292 0.103241 0.012500 0.034259
0.0 0.207031 0.180556 0.010937 0.044444
0.0 0.616667 0.302778 0.009375 0.048148
0.0 0.234375 0.191667 0.010417 0.044444
0.0 0.947917 0.211574 0.017708 0.026852
1.0 0.653385 0.135185 0.051562 0.090741
1.0 0.355729 0.481481 0.094792 0.090741
1.0 0.284896 0.690741 0.117708 0.096296
1.0 0.098698 0.577778 0.105729 0.116667
1.0 0.135677 0.915278 0.071354 0.167593
1.0 0.694271 0.161111 0.035417 0.072222
2.0 0.676302 0.087500 0.009896 0.017593
3.0 0.149479 0.273611 0.094792 0.102778
