0.0 0.334635 0.289815 0.024479 0.057407
0.0 0.153125 0.512500 0.021875 0.078704
0.0 0.120833 0.571296 0.019792 0.077778
0.0 0.108854 0.658796 0.023958 0.082407
0.0 0.316406 0.140278 0.015104 0.062037
0.0 0.238542 0.098611 0.011458 0.062037
1.0 0.121615 0.342130 0.103646 0.110185
1.0 0.251563 0.435185 0.106250 0.120370
1.0 0.151823 0.249537 0.073438 0.089815
1.0 0.050260 0.184722 0.084896 0.093519
1.0 0.261198 0.318519 0.097396 0.116667
1.0 0.027865 0.267593 0.055729 0.096296
1.0 0.431510 0.482407 0.132812 0.109259
