0.0 0.557292 0.278704 0.008333 0.048148
0.0 0.685417 0.229167 0.010417 0.045370
0.0 0.910417 0.649537 0.037500 0.039815
0.0 0.397396 0.059722 0.008333 0.036111
0.0 0.885938 0.683796 0.028125 0.065741
0.0 0.912240 0.128704 0.011979 0.040741
0.0 0.702865 0.240741 0.009896 0.046296
1.0 0.350260 0.148148 0.041146 0.068519
1.0 0.262240 0.201852 0.051563 0.090741
1.0 0.194271 0.146296 0.033333 0.055556
1.0 0.329688 0.843981 0.104167 0.287963
1.0 0.459115 0.797685 0.052604 0.219444
2.0 0.308594 0.181481 0.011979 0.037037
