0.0 0.929688 0.128241 0.014583 0.034259
0.0 0.212240 0.182407 0.010938 0.044444
0.0 0.560417 0.280556 0.006250 0.048148
0.0 0.221615 0.186111 0.010937 0.044444
0.0 0.948958 0.185185 0.014583 0.044444
0.0 0.937760 0.182870 0.018229 0.026852
1.0 0.652865 0.134259 0.051562 0.090741
1.0 0.207813 0.400463 0.083333 0.086111
1.0 0.513021 0.664815 0.105208 0.064815
1.0 0.241667 0.677315 0.127083 0.115741
1.0 0.694271 0.160648 0.035417 0.071296
2.0 0.676042 0.087037 0.010417 0.018519
3.0 0.083594 0.237963 0.092188 0.096296
