0.0 0.074479 0.205556 0.015625 0.038889
0.0 0.857292 0.150463 0.013542 0.043519
0.0 0.595833 0.287963 0.008333 0.046296
0.0 0.837240 0.158333 0.010937 0.042593
0.0 0.078385 0.252778 0.014063 0.027778
0.0 0.060937 0.106019 0.014583 0.025000
1.0 0.284115 0.109259 0.032813 0.055556
1.0 0.346615 0.134259 0.051562 0.090741
1.0 0.879167 0.346296 0.079167 0.079630
1.0 0.269792 0.231481 0.040625 0.064815
1.0 0.335938 0.461111 0.064583 0.118519
1.0 0.305208 0.160648 0.035417 0.071296
2.0 0.323438 0.087037 0.010417 0.018519
3.0 0.915885 0.237963 0.092188 0.096296
