0.0 0.076042 0.149537 0.014583 0.036111
0.0 0.811719 0.171759 0.013021 0.043519
0.0 0.501302 0.258333 0.014063 0.046296
0.0 0.793229 0.179167 0.011458 0.043519
0.0 0.061719 0.213889 0.015104 0.044444
0.0 0.063281 0.147685 0.014063 0.026852
1.0 0.346615 0.135185 0.051562 0.090741
1.0 0.875260 0.349537 0.078646 0.080556
1.0 0.335156 0.463889 0.058854 0.105556
1.0 0.561719 0.677315 0.123438 0.115741
1.0 0.305729 0.161111 0.035417 0.072222
2.0 0.323698 0.087500 0.009896 0.017593
3.0 0.916406 0.238426 0.092188 0.097222
