0 0.203646 0.549074 0.011458 0.044444
0 0.751823 0.532870 0.013021 0.039815
0 0.195052 0.632870 0.014063 0.045370
0 0.252344 0.747222 0.019271 0.042593
1 0.397135 0.652315 0.067187 0.093519
1 0.724479 0.186111 0.022917 0.031481
1 0.617708 0.352778 0.037500 0.066667
1 0.727604 0.221759 0.050000 0.045370
1 0.633594 0.481481 0.040104 0.072222
1 0.717187 0.762037 0.081250 0.135185
1 0.864583 0.126389 0.017708 0.028704
1 0.526563 0.926389 0.079167 0.145370
1 0.840885 0.168056 0.040104 0.036111
1 0.795573 0.147222 0.049479 0.053704
3 0.081250 0.510185 0.162500 0.207407
3 0.695573 0.271296 0.064062 0.072222