0.0 0.651419 0.699676 0.009388 0.046038
0.0 0.656918 0.548180 0.007510 0.047109
0.0 0.377685 0.307283 0.006438 0.049250
0.0 0.637068 0.608136 0.009656 0.053532
0.0 0.311162 0.744643 0.011266 0.052461
0.0 0.371515 0.379552 0.006974 0.026766
0.0 0.577118 0.468951 0.007243 0.049250
1.0 0.713381 0.826012 0.059817 0.112418
1.0 0.462447 0.286941 0.016094 0.092076
1.0 0.515826 0.176128 0.016094 0.091005
1.0 0.429990 0.444862 0.019850 0.142396
3.0 0.542784 0.105998 0.039431 0.211996
3.0 0.487125 0.063172 0.016631 0.126344
