0.0 0.926042 0.237500 0.017708 0.041667
0.0 0.110156 0.136111 0.011979 0.042593
0.0 0.121615 0.141204 0.011979 0.041667
1.0 0.715365 0.109259 0.032813 0.055556
1.0 0.477344 0.887963 0.054687 0.181481
1.0 0.652865 0.134259 0.051562 0.090741
1.0 0.120312 0.346296 0.079167 0.079630
1.0 0.759115 0.125926 0.033854 0.050000
1.0 0.715365 0.281944 0.045312 0.082407
1.0 0.694271 0.160648 0.035417 0.071296
2.0 0.676042 0.087037 0.010417 0.018519
2.0 0.651563 0.944907 0.029167 0.106481
3.0 0.083594 0.237963 0.092188 0.096296
