0.0 0.927865 0.232870 0.018229 0.039815
0.0 0.116146 0.138889 0.013542 0.042593
0.0 0.360938 0.342130 0.010417 0.049074
0.0 0.126042 0.143056 0.011458 0.041667
1.0 0.715365 0.109259 0.032813 0.055556
1.0 0.476823 0.922685 0.052604 0.150926
1.0 0.652865 0.134259 0.051562 0.090741
1.0 0.120312 0.346296 0.079167 0.079630
1.0 0.755990 0.134722 0.033854 0.050926
1.0 0.710938 0.296759 0.045833 0.086111
1.0 0.694271 0.160648 0.035417 0.071296
2.0 0.676042 0.087037 0.010417 0.018519
3.0 0.083594 0.237963 0.092188 0.096296
