0.0 0.417708 0.325463 0.015625 0.036111
0.0 0.193750 0.686574 0.018750 0.050926
0.0 0.318229 0.249537 0.009375 0.037963
0.0 0.391146 0.284259 0.007292 0.040741
1.0 0.297917 0.428704 0.068750 0.068519
1.0 0.544010 0.445833 0.067188 0.080556
1.0 0.347135 0.388889 0.049479 0.059259
1.0 0.215625 0.308796 0.054167 0.056481
1.0 0.723698 0.260185 0.026562 0.050000
1.0 0.502604 0.656944 0.075000 0.187963
1.0 0.500000 0.380556 0.062500 0.077778
1.0 0.194531 0.359722 0.048437 0.058333
1.0 0.682813 0.242593 0.038542 0.075926
1.0 0.613021 0.329630 0.036458 0.077778
2.0 0.165885 0.276389 0.018229 0.032407
