0.0 0.622135 0.385185 0.018229 0.020370
0.0 0.753125 0.480556 0.015625 0.046296
0.0 0.751302 0.507870 0.011979 0.049074
0.0 0.736979 0.533796 0.018750 0.049074
0.0 0.727083 0.241204 0.011458 0.025000
1.0 0.777083 0.406481 0.076042 0.064815
1.0 0.681510 0.461111 0.077604 0.072222
1.0 0.829167 0.312963 0.062500 0.055556
1.0 0.760938 0.839352 0.092708 0.152778
1.0 0.674740 0.400926 0.071354 0.051852
1.0 0.853385 0.362037 0.056771 0.057407
1.0 0.549740 0.489815 0.097396 0.064815
2.0 0.886458 0.280556 0.020833 0.031481
