0.0 0.864323 0.126852 0.005729 0.027778
0.0 0.249740 0.268519 0.010937 0.025926
0.0 0.136198 0.218981 0.008854 0.032407
0.0 0.573438 0.184259 0.009375 0.024074
0.0 0.414583 0.332870 0.010417 0.030556
1.0 0.085938 0.542593 0.085417 0.087037
1.0 0.557031 0.617130 0.059896 0.128704
1.0 0.776563 0.078241 0.020833 0.030556
1.0 0.442188 0.442130 0.068750 0.063889
1.0 0.714063 0.093519 0.020833 0.035185
1.0 0.748958 0.280556 0.027083 0.048148
1.0 0.121094 0.084722 0.039062 0.037963
1.0 0.143490 0.094444 0.045312 0.033333
1.0 0.231771 0.375463 0.069792 0.054630
1.0 0.691146 0.054167 0.020833 0.045370
1.0 0.737240 0.374074 0.034896 0.068519
