0.0 0.753190 0.465268 0.020095 0.026213
0.0 0.251030 0.198226 0.006028 0.017694
0.0 0.281171 0.443642 0.011655 0.026213
0.0 0.823521 0.415464 0.010449 0.026213
0.0 0.359942 0.386630 0.006832 0.026213
1.0 0.486537 0.346327 0.046217 0.034732
1.0 0.291218 0.262447 0.034964 0.028179
1.0 0.774692 0.468217 0.059881 0.049149
1.0 0.279162 0.780804 0.083995 0.130408
1.0 0.661962 0.419723 0.055461 0.045217
1.0 0.519291 0.707736 0.043404 0.087813
2.0 0.355119 0.316511 0.016477 0.019660
2.0 0.498393 0.408910 0.009645 0.022281
3.0 0.554858 0.428243 0.065508 0.131719
3.0 0.371797 0.287677 0.063499 0.058978
