0.0 0.658333 0.388426 0.013542 0.028704
0.0 0.925260 0.303241 0.016146 0.025000
0.0 0.789323 0.436574 0.020312 0.019444
0.0 0.362500 0.238889 0.011458 0.022222
0.0 0.744531 0.445370 0.016146 0.031481
0.0 0.935677 0.300926 0.015104 0.025926
0.0 0.991406 0.298148 0.017188 0.025926
1.0 0.852344 0.403241 0.102604 0.045370
1.0 0.189844 0.241204 0.025521 0.021296
1.0 0.116406 0.350926 0.052604 0.042593
1.0 0.075521 0.254630 0.053125 0.040741
1.0 0.092188 0.300926 0.031250 0.025926
2.0 0.614062 0.765741 0.055208 0.062963
