0.0 0.268490 0.445370 0.011979 0.048148
0.0 0.252865 0.372685 0.013021 0.049074
0.0 0.764323 0.578704 0.015104 0.046296
0.0 0.249219 0.277315 0.010937 0.047222
0.0 0.844792 0.812500 0.022917 0.049074
0.0 0.600260 0.060648 0.006771 0.039815
1.0 0.478646 0.212037 0.030208 0.092593
1.0 0.488802 0.417130 0.035937 0.113889
1.0 0.426823 0.530556 0.038021 0.107407
1.0 0.530208 0.205093 0.033333 0.089815
1.0 0.663281 0.685185 0.083854 0.125926
3.0 0.583073 0.138889 0.076563 0.224074
3.0 0.735417 0.948148 0.116667 0.101852
3.0 0.423958 0.225000 0.039583 0.114815
3.0 0.504427 0.674074 0.051562 0.231481
