0.0 0.436719 0.217593 0.011979 0.053704
0.0 0.230729 0.831944 0.016667 0.084259
0.0 0.340885 0.098611 0.007812 0.060185
0.0 0.414844 0.166204 0.005729 0.062037
1.0 0.337240 0.398148 0.057812 0.112963
1.0 0.550781 0.389815 0.051562 0.131481
1.0 0.381250 0.333333 0.042708 0.090741
1.0 0.259635 0.198611 0.045313 0.089815
1.0 0.686979 0.142130 0.022917 0.082407
1.0 0.512240 0.647222 0.059896 0.192593
1.0 0.698698 0.030556 0.021354 0.061111
1.0 0.508333 0.300926 0.052083 0.120370
1.0 0.241927 0.277778 0.041146 0.092593
1.0 0.651563 0.113426 0.033333 0.125000
1.0 0.599479 0.208333 0.030208 0.116667
2.0 0.217708 0.146759 0.015625 0.050926
