0.0 0.377496 0.461913 0.006240 0.025391
0.0 0.370441 0.424305 0.006240 0.024912
0.0 0.637970 0.542159 0.010039 0.022996
0.0 0.369491 0.377834 0.005427 0.023954
0.0 0.677855 0.643725 0.011667 0.024912
0.0 0.551959 0.270759 0.003527 0.020601
1.0 0.488876 0.351005 0.015737 0.047908
1.0 0.494981 0.474130 0.019264 0.061323
1.0 0.461879 0.496407 0.019264 0.053178
1.0 0.515737 0.347413 0.017365 0.046471
1.0 0.593472 0.604679 0.044769 0.063718
1.0 0.416567 0.724689 0.029575 0.067072
3.0 0.543277 0.313158 0.039885 0.115938
3.0 0.639870 0.729241 0.061049 0.057969
3.0 0.457808 0.346215 0.020349 0.057490
3.0 0.503663 0.615698 0.027947 0.125999
