0.0 0.559791 0.436206 0.009000 0.057775
0.0 0.530860 0.306814 0.007715 0.058979
0.0 0.828531 0.194272 0.015001 0.052961
1.0 0.273907 0.218344 0.021859 0.062590
1.0 0.347629 0.272509 0.042432 0.166105
1.0 0.243476 0.383847 0.039004 0.104718
1.0 0.296838 0.079323 0.030003 0.078237
1.0 0.460354 0.404911 0.053576 0.086664
1.0 0.802599 0.897808 0.121726 0.152865
1.0 0.767667 0.748555 0.097295 0.109532
1.0 0.655800 0.475326 0.072435 0.087867
2.0 0.436995 0.289962 0.019716 0.063794
2.0 0.360487 0.158764 0.009858 0.042127
3.0 0.372274 0.038759 0.028288 0.077517
