0.0 0.591927 0.290278 0.005729 0.049074
0.0 0.755990 0.196759 0.011979 0.043519
0.0 0.791927 0.505556 0.029687 0.037037
0.0 0.422656 0.093519 0.008854 0.020370
0.0 0.762240 0.532870 0.019271 0.060185
0.0 0.847917 0.156944 0.011458 0.041667
0.0 0.772135 0.212037 0.013021 0.044444
1.0 0.392188 0.242593 0.048958 0.085185
1.0 0.223698 0.062963 0.039062 0.064815
1.0 0.330469 0.845370 0.082812 0.212963
1.0 0.244271 0.395833 0.064583 0.134259
1.0 0.632292 0.409259 0.096875 0.081481
1.0 0.277604 0.592593 0.038542 0.079630
2.0 0.347135 0.290741 0.015104 0.042593
