0.0 0.582031 0.211111 0.019271 0.051852
0.0 0.802083 0.091667 0.011458 0.057407
0.0 0.602083 0.176852 0.010417 0.061111
1.0 0.695052 0.461111 0.105729 0.120370
1.0 0.343750 0.263426 0.054167 0.123148
1.0 0.586458 0.347222 0.073958 0.087037
1.0 0.913542 0.204630 0.078125 0.087037
1.0 0.195833 0.264815 0.044792 0.096296
1.0 0.409635 0.462963 0.082813 0.212963
1.0 0.171094 0.118519 0.041146 0.090741
1.0 0.419271 0.240278 0.072917 0.123148
1.0 0.944271 0.282407 0.070833 0.090741
1.0 0.263542 0.230556 0.066667 0.146296
1.0 0.300000 0.122685 0.045833 0.097222
2.0 0.985937 0.153704 0.026042 0.050000
