0.0 0.062500 0.123611 0.011458 0.041667
0.0 0.740365 0.205093 0.010937 0.043519
0.0 0.634635 0.279630 0.010937 0.048148
0.0 0.522396 0.276852 0.007292 0.027778
0.0 0.763021 0.206481 0.011458 0.044444
0.0 0.464844 0.263426 0.009896 0.045370
0.0 0.058854 0.181019 0.015625 0.041667
0.0 0.050781 0.194444 0.015104 0.044444
1.0 0.946875 0.237037 0.062500 0.057407
1.0 0.879427 0.762037 0.118229 0.159259
1.0 0.799479 0.656944 0.109375 0.132407
2.0 0.922917 0.558333 0.031250 0.050000
2.0 0.268490 0.070833 0.009896 0.030556
