0.0 0.923177 0.193981 0.014062 0.037963
0.0 0.151823 0.154167 0.013021 0.041667
0.0 0.424219 0.282407 0.014063 0.046296
0.0 0.172917 0.164815 0.013542 0.044444
0.0 0.924740 0.245833 0.015104 0.037963
0.0 0.939063 0.116204 0.015625 0.025000
1.0 0.715365 0.106944 0.032813 0.056481
1.0 0.652865 0.134259 0.051562 0.090741
1.0 0.120312 0.346296 0.079167 0.079630
1.0 0.716667 0.277315 0.042708 0.071296
1.0 0.626042 0.531019 0.082292 0.126852
1.0 0.694271 0.160648 0.035417 0.071296
2.0 0.676042 0.087037 0.010417 0.018519
3.0 0.083594 0.237963 0.092188 0.096296
