0.0 0.440625 0.275926 0.017708 0.033333
0.0 0.864323 0.146759 0.011979 0.041667
0.0 0.481250 0.269907 0.010417 0.047222
1.0 0.279167 0.095833 0.031250 0.054630
1.0 0.351562 0.150000 0.033333 0.059259
1.0 0.870052 0.275926 0.070312 0.066667
1.0 0.302083 0.150000 0.043750 0.088889
1.0 0.223177 0.298148 0.051562 0.098148
1.0 0.307031 0.727315 0.073438 0.197222
1.0 0.328125 0.095370 0.037500 0.062963
1.0 0.570833 0.602778 0.067708 0.118519
1.0 0.476042 0.930093 0.101042 0.137963
2.0 0.934635 0.237500 0.023438 0.037963
