0 0.342708 0.332407 0.012500 0.025926
0 0.180990 0.581019 0.019271 0.062037
0 0.099479 0.642593 0.029167 0.064815
0 0.104427 0.728704 0.027604 0.066667
0 0.304948 0.230093 0.010937 0.045370
0 0.315625 0.229630 0.008333 0.046296
1 0.188542 0.387963 0.085417 0.077778
1 0.325260 0.470833 0.091146 0.087963
1 0.213542 0.321759 0.060417 0.063889
1 0.129948 0.275926 0.070312 0.066667
1 0.817448 0.084722 0.027604 0.045370
1 0.334635 0.381481 0.084896 0.079630
1 0.102604 0.335185 0.063542 0.068519
1 0.773958 0.070833 0.039583 0.065741
1 0.552865 0.440741 0.097396 0.096296
2 0.065365 0.237500 0.023438 0.037963