0.0 0.855469 0.389815 0.027604 0.040741
0.0 0.826042 0.384259 0.020833 0.051852
1.0 0.515885 0.662963 0.078646 0.170370
1.0 0.190365 0.388889 0.067188 0.074074
1.0 0.809635 0.123611 0.032813 0.054630
1.0 0.318490 0.369444 0.114063 0.103704
1.0 0.102865 0.336111 0.077604 0.079630
1.0 0.566667 0.307870 0.066667 0.089815
1.0 0.311458 0.461574 0.075000 0.089815
1.0 0.154167 0.290741 0.076042 0.064815
2.0 0.474740 0.369907 0.030729 0.041667
2.0 0.780208 0.055093 0.010417 0.032407
3.0 0.729167 0.218981 0.057292 0.087963
3.0 0.065365 0.228241 0.091146 0.095370
