0.0 0.790365 0.642130 0.016146 0.043519
0.0 0.725260 0.743981 0.015104 0.041667
0.0 0.572135 0.754630 0.016146 0.038889
1.0 0.834115 0.631019 0.074479 0.075000
1.0 0.135417 0.127778 0.016667 0.025926
1.0 0.343490 0.528704 0.064063 0.096296
1.0 0.142969 0.155093 0.021354 0.034259
1.0 0.226562 0.732407 0.071875 0.092593
1.0 0.282813 0.761574 0.081250 0.134259
1.0 0.678385 0.604167 0.082813 0.078704
1.0 0.441667 0.801389 0.073958 0.158333
3.0 0.918750 0.509722 0.162500 0.206481
3.0 0.519271 0.383333 0.078125 0.085185
