0.0 0.635417 0.350926 0.020833 0.042593
0.0 0.784115 0.499537 0.017188 0.058333
0.0 0.794271 0.528704 0.017708 0.061111
0.0 0.798437 0.578241 0.017708 0.060185
0.0 0.632812 0.251852 0.011458 0.046296
0.0 0.728646 0.211111 0.011458 0.037037
1.0 0.810937 0.387500 0.085417 0.078704
1.0 0.704167 0.454167 0.087500 0.086111
1.0 0.785937 0.320833 0.060417 0.063889
1.0 0.869792 0.275463 0.069792 0.067593
1.0 0.872917 0.769907 0.123958 0.167593
1.0 0.696094 0.370370 0.079688 0.083333
1.0 0.897135 0.334722 0.064063 0.069444
1.0 0.556250 0.487500 0.109375 0.078704
2.0 0.934115 0.237037 0.023438 0.038889
