0.0 0.891920 0.272127 0.015503 0.031835
0.0 0.126005 0.166987 0.010658 0.037700
0.0 0.346430 0.394022 0.009689 0.046077
0.0 0.134482 0.169081 0.012111 0.036862
0.0 0.868181 0.332447 0.012596 0.045239
1.0 0.700320 0.146881 0.030521 0.051103
1.0 0.463667 0.686404 0.057165 0.128179
1.0 0.642670 0.169919 0.047960 0.082102
1.0 0.147078 0.361768 0.073152 0.072048
1.0 0.749976 0.130126 0.029067 0.041050
1.0 0.715096 0.253696 0.037787 0.065346
1.0 0.680700 0.193377 0.032943 0.065346
2.0 0.663986 0.126774 0.009205 0.015918
2.0 0.674644 0.741696 0.023738 0.079588
3.0 0.112683 0.263331 0.085748 0.087965
