0.0 0.601042 0.290278 0.016667 0.039815
0.0 0.905729 0.735648 0.028125 0.060185
0.0 0.742188 0.202315 0.013542 0.041667
0.0 0.635417 0.251389 0.008333 0.047222
1.0 0.755469 0.421296 0.089063 0.083333
1.0 0.429688 0.425926 0.083333 0.096296
1.0 0.688021 0.374537 0.065625 0.067593
1.0 0.870052 0.275926 0.070312 0.066667
1.0 0.210156 0.228241 0.034896 0.060185
1.0 0.486458 0.659259 0.094792 0.212963
1.0 0.192448 0.139815 0.032813 0.057407
1.0 0.491406 0.355556 0.080729 0.090741
1.0 0.897396 0.335185 0.063542 0.068519
1.0 0.264062 0.206944 0.051042 0.091667
1.0 0.348958 0.290278 0.046875 0.087963
2.0 0.934635 0.237500 0.023438 0.037963
