0.0 0.737500 0.435185 0.011458 0.024074
0.0 0.744271 0.397222 0.011458 0.024074
0.0 0.228646 0.548148 0.016667 0.022222
0.0 0.744010 0.358796 0.009896 0.023148
0.0 0.185417 0.594444 0.019792 0.022222
1.0 0.520573 0.353241 0.029687 0.047222
1.0 0.500781 0.559722 0.042187 0.075000
1.0 0.571615 0.424074 0.031771 0.042593
1.0 0.470052 0.349537 0.032812 0.045370
1.0 0.207552 0.641667 0.090104 0.050000
1.0 0.645573 0.613889 0.048438 0.083333
3.0 0.418229 0.316204 0.075000 0.113889
3.0 0.084896 0.714352 0.123958 0.054630
3.0 0.598958 0.303704 0.035417 0.050000
3.0 0.483594 0.712037 0.054688 0.083333
