0.0 0.242188 0.531019 0.015625 0.041667
0.0 0.451823 0.637500 0.013021 0.039815
0.0 0.230990 0.536574 0.015104 0.043519
0.0 0.187760 0.481481 0.013021 0.031481
0.0 0.169010 0.600926 0.024479 0.029630
0.0 0.490365 0.124537 0.004688 0.028704
1.0 0.942187 0.494907 0.067708 0.071296
1.0 0.552083 0.313889 0.054167 0.055556
1.0 0.479687 0.917593 0.077083 0.162963
1.0 0.213281 0.888426 0.102604 0.169444
1.0 0.426042 0.845370 0.072917 0.150000
1.0 0.908594 0.598148 0.073438 0.074074
1.0 0.158333 0.835648 0.107292 0.162037
1.0 0.131771 0.123611 0.010417 0.021296
2.0 0.704167 0.381944 0.029167 0.034259
2.0 0.899219 0.667130 0.049479 0.037963
3.0 0.554167 0.709722 0.066667 0.139815
