0.0 0.870052 0.392130 0.023438 0.047222
0.0 0.850260 0.385648 0.013021 0.049074
1.0 0.547135 0.577778 0.070312 0.150000
1.0 0.207292 0.398611 0.067708 0.075000
1.0 0.804688 0.150000 0.034375 0.057407
1.0 0.357292 0.378241 0.118750 0.099074
1.0 0.120573 0.347222 0.078646 0.079630
1.0 0.584115 0.286111 0.057813 0.088889
1.0 0.350781 0.477778 0.080729 0.088889
1.0 0.171354 0.299537 0.076042 0.065741
2.0 0.507292 0.358333 0.028125 0.040741
2.0 0.775260 0.076389 0.010937 0.034259
3.0 0.718750 0.268981 0.060417 0.119444
3.0 0.083594 0.238426 0.092188 0.097222
