0 0.887500 0.364352 0.016667 0.052778
0 0.616406 0.316204 0.006771 0.050926
0 0.126823 0.657870 0.026562 0.062037
0 0.299740 0.417130 0.007812 0.034259
0 0.781250 0.362963 0.012500 0.051852
0 0.763542 0.372222 0.013542 0.051852
1 0.601823 0.257870 0.048438 0.080556
1 0.656771 0.892593 0.087500 0.212963
1 0.420573 0.450000 0.093229 0.103704
2 0.797396 0.200926 0.013542 0.038889
2 0.646615 0.307870 0.015104 0.045370
2 0.432031 0.610648 0.031771 0.078704
3 0.753125 0.144444 0.048958 0.092593
3 0.733073 0.529167 0.110937 0.282407