0.0 0.307552 0.115741 0.007812 0.027778
0.0 0.838281 0.361111 0.014063 0.037037
0.0 0.145833 0.556481 0.017708 0.044444
1.0 0.752865 0.522222 0.063021 0.064815
1.0 0.866146 0.646759 0.098958 0.087963
1.0 0.280990 0.188426 0.047396 0.041667
1.0 0.719792 0.598611 0.085417 0.065741
1.0 0.213802 0.896759 0.108854 0.184259
2.0 0.578385 0.679630 0.030729 0.051852
2.0 0.832813 0.498148 0.038542 0.037037
3.0 0.454427 0.919907 0.114062 0.158333
3.0 0.840625 0.437037 0.135417 0.118519
3.0 0.590625 0.514815 0.090625 0.120370
3.0 0.913281 0.589352 0.125521 0.112037
