0.0 0.109635 0.358333 0.018229 0.050000
0.0 0.388281 0.312963 0.009896 0.048148
0.0 0.862500 0.640741 0.025000 0.061111
0.0 0.698177 0.425463 0.007812 0.032407
0.0 0.217448 0.362963 0.010937 0.051852
0.0 0.227083 0.379630 0.015625 0.050000
1.0 0.389583 0.238426 0.045833 0.076852
1.0 0.350521 0.916667 0.084375 0.164815
1.0 0.555729 0.476389 0.092708 0.113889
1.0 0.176042 0.052778 0.029167 0.044444
2.0 0.205990 0.219444 0.014063 0.040741
2.0 0.345313 0.285185 0.014583 0.042593
2.0 0.552604 0.659259 0.029167 0.085185
3.0 0.251042 0.160185 0.050000 0.096296
3.0 0.271615 0.553704 0.114062 0.292593
