0.0 0.663206 0.429254 0.015701 0.049050
0.0 0.710515 0.452836 0.013635 0.050937
0.0 0.680353 0.438215 0.011156 0.059426
0.0 0.661760 0.446704 0.013635 0.059426
0.0 0.771872 0.578292 0.019833 0.064143
0.0 0.435750 0.287762 0.011156 0.047164
0.0 0.792737 0.139666 0.011156 0.043391
1.0 0.380178 0.139666 0.032228 0.066030
1.0 0.347950 0.044867 0.025617 0.051881
1.0 0.847277 0.233523 0.054126 0.068860
1.0 0.799968 0.345773 0.066108 0.070746
2.0 0.853681 0.042037 0.010743 0.021695
3.0 0.341339 0.136366 0.047929 0.106591
