0.0 0.214134 0.365736 0.009716 0.026039
0.0 0.436474 0.327085 0.008968 0.043127
0.0 0.741771 0.581779 0.014947 0.046382
0.0 0.649846 0.463789 0.007474 0.030107
0.0 0.298399 0.379162 0.008595 0.046382
0.0 0.281958 0.402354 0.013826 0.043941
1.0 0.410130 0.241237 0.031015 0.063470
1.0 0.502802 0.554926 0.062405 0.129381
1.0 0.271494 0.131385 0.022047 0.042313
2.0 0.295784 0.296976 0.010837 0.038245
2.0 0.377433 0.271751 0.009716 0.034990
2.0 0.519805 0.775852 0.017937 0.091137
3.0 0.329975 0.239610 0.038863 0.092765
3.0 0.349220 0.632230 0.090804 0.295381
