0 0.458594 0.341667 0.009896 0.040741
0 0.096615 0.267593 0.014063 0.031481
0 0.441927 0.525463 0.011979 0.049074
0 0.532813 0.073148 0.009375 0.022222
0 0.246615 0.271296 0.011979 0.042593
1 0.645573 0.075463 0.034896 0.078704
1 0.875781 0.650926 0.071354 0.144444
1 0.132292 0.806019 0.147917 0.117593
1 0.174740 0.691204 0.118229 0.084259
1 0.728385 0.659722 0.098437 0.139815
2 0.110937 0.393981 0.039583 0.036111
2 0.608333 0.100000 0.010417 0.040741
2 0.079427 0.464815 0.031771 0.037037
3 0.736719 0.118981 0.033854 0.071296