0.0 0.084115 0.255093 0.016146 0.023148
0.0 0.912760 0.125926 0.013021 0.040741
0.0 0.685156 0.412500 0.015104 0.054630
0.0 0.901563 0.130093 0.012500 0.041667
0.0 0.112500 0.332407 0.016667 0.050000
1.0 0.284635 0.109722 0.032813 0.056481
1.0 0.585677 0.572222 0.068229 0.111111
1.0 0.339323 0.889815 0.083854 0.218519
1.0 0.347396 0.137500 0.052083 0.089815
1.0 0.879427 0.347222 0.078646 0.079630
1.0 0.221875 0.058333 0.029167 0.040741
1.0 0.254687 0.177315 0.037500 0.063889
1.0 0.306771 0.163426 0.035417 0.073148
1.0 0.470313 0.898611 0.073958 0.200926
2.0 0.323698 0.088889 0.009896 0.020370
2.0 0.283594 0.618056 0.022396 0.073148
3.0 0.916406 0.238426 0.092188 0.097222
