0.0 0.564844 0.278704 0.016146 0.038889
0.0 0.775260 0.188426 0.011979 0.041667
0.0 0.585417 0.255093 0.007292 0.047222
1.0 0.652344 0.487037 0.093229 0.100000
1.0 0.353646 0.300463 0.046875 0.089815
1.0 0.550260 0.379167 0.066146 0.069444
1.0 0.870052 0.275926 0.070312 0.066667
1.0 0.232552 0.343056 0.041146 0.076852
1.0 0.408854 0.443519 0.070833 0.153704
1.0 0.175781 0.052778 0.034896 0.057407
1.0 0.209115 0.225926 0.038021 0.072222
1.0 0.417708 0.290278 0.060417 0.093519
1.0 0.897396 0.335185 0.063542 0.068519
1.0 0.294271 0.315278 0.061458 0.115741
1.0 0.317187 0.201852 0.039583 0.072222
2.0 0.934635 0.237500 0.023438 0.037963
