0 0.266667 0.730556 0.015625 0.042593
0 0.193229 0.587963 0.013542 0.044444
0 0.407552 0.721296 0.015104 0.044444
0 0.628646 0.611111 0.012500 0.038889
0 0.690625 0.567593 0.012500 0.040741
0 0.357292 0.864815 0.020833 0.046296
0 0.143750 0.309259 0.013542 0.033333
1 0.533594 0.367130 0.059896 0.056481
1 0.582292 0.246759 0.005208 0.019444
1 0.188021 0.487500 0.077083 0.075000
1 0.851823 0.188426 0.014063 0.025000
1 0.615625 0.361574 0.034375 0.067593
1 0.518750 0.280093 0.042708 0.049074
3 0.637240 0.239352 0.118229 0.134259
3 0.687240 0.275463 0.065104 0.073148