0.0 0.447135 0.599074 0.010937 0.042593
0.0 0.575260 0.707870 0.014062 0.045370
0.0 0.428646 0.625000 0.009375 0.044444
0.0 0.340885 0.302778 0.007812 0.035185
0.0 0.215365 0.543981 0.013021 0.041667
0.0 0.116667 0.638889 0.016667 0.044444
0.0 0.393490 0.584722 0.021354 0.036111
0.0 0.627865 0.193056 0.006771 0.030556
1.0 0.626042 0.450000 0.069792 0.066667
1.0 0.237240 0.168056 0.042188 0.037963
1.0 0.321615 0.689352 0.077604 0.123148
1.0 0.398438 0.331019 0.044792 0.049074
1.0 0.307812 0.587500 0.071875 0.106481
1.0 0.287240 0.190278 0.036979 0.041667
2.0 0.679688 0.602315 0.038542 0.037963
3.0 0.159896 0.140741 0.079167 0.111111
3.0 0.498958 0.371296 0.071875 0.085185
