0 0.729427 0.456481 0.011979 0.044444
0 0.746354 0.384259 0.012500 0.044444
0 0.235417 0.579167 0.015625 0.045370
0 0.751042 0.286574 0.012500 0.045370
0 0.151042 0.838426 0.022917 0.043519
0 0.399740 0.065741 0.005729 0.038889
1 0.521354 0.212037 0.030208 0.092593
1 0.513281 0.375000 0.034896 0.105556
1 0.573177 0.585648 0.039062 0.115741
1 0.471875 0.181944 0.032292 0.087963
1 0.369531 0.642130 0.077604 0.126852
3 0.416927 0.138889 0.076563 0.224074
3 0.573177 0.258333 0.041146 0.120370
3 0.498958 0.609259 0.048958 0.218519
