0.0 0.587520 0.373102 0.013722 0.035579
0.0 0.682738 0.488536 0.010710 0.046648
0.0 0.684579 0.512650 0.009706 0.049019
0.0 0.681231 0.546253 0.014392 0.052973
0.0 0.576978 0.290085 0.004686 0.038741
0.0 0.656799 0.245018 0.007698 0.038741
1.0 0.700141 0.404332 0.054888 0.066414
1.0 0.631196 0.460864 0.056227 0.073530
1.0 0.684076 0.347801 0.038824 0.054554
1.0 0.737793 0.308665 0.045182 0.056927
1.0 0.708843 0.800049 0.074300 0.177894
1.0 0.626176 0.390100 0.051541 0.071158
1.0 0.755364 0.359266 0.040832 0.058508
1.0 0.536146 0.489722 0.070284 0.066414
2.0 0.779294 0.275853 0.015061 0.032416
