0 0.408073 0.290278 0.005729 0.049074
0 0.281510 0.214352 0.009896 0.045370
0 0.144531 0.570370 0.032813 0.038889
0 0.594010 0.075000 0.008854 0.035185
0 0.176563 0.622685 0.025000 0.063889
0 0.114844 0.140278 0.011979 0.039815
0 0.267708 0.228704 0.013542 0.046296
1 0.638802 0.172685 0.043229 0.073148
1 0.758854 0.125926 0.043750 0.075926
1 0.817708 0.082870 0.029167 0.045370
1 0.721354 0.576852 0.078125 0.188889
1 0.486198 0.540278 0.089063 0.137963
1 0.669271 0.869907 0.048958 0.113889
2 0.682292 0.207407 0.012500 0.038889