0.0 0.829427 0.825926 0.021354 0.046296
0.0 0.720833 0.503241 0.014583 0.041667
0.0 0.247135 0.271759 0.011979 0.045370
0.0 0.691406 0.509722 0.013021 0.045370
0.0 0.151823 0.581481 0.018229 0.048148
0.0 0.286979 0.477778 0.019792 0.038889
0.0 0.575260 0.469907 0.016146 0.041667
1.0 0.472135 0.085648 0.025521 0.065741
1.0 0.426823 0.143981 0.026562 0.062037
1.0 0.530729 0.219907 0.031250 0.078704
1.0 0.373698 0.242130 0.031771 0.089815
3.0 0.583073 0.138889 0.076563 0.224074
3.0 0.478646 0.188889 0.034375 0.135185
