0.0 0.941406 0.192593 0.014063 0.029630
0.0 0.202604 0.231481 0.013542 0.038889
0.0 0.537240 0.307870 0.010938 0.039815
0.0 0.209896 0.234722 0.012500 0.037963
0.0 0.961458 0.243981 0.013542 0.037963
0.0 0.947656 0.219907 0.016146 0.023148
1.0 0.657812 0.191204 0.053125 0.076852
1.0 0.137500 0.398611 0.028125 0.071296
1.0 0.582812 0.574537 0.095833 0.095370
1.0 0.298958 0.661111 0.135417 0.081481
1.0 0.700000 0.212963 0.036458 0.061111
1.0 0.123698 0.850000 0.077604 0.142593
2.0 0.681510 0.150926 0.009896 0.014815
3.0 0.070312 0.278241 0.094792 0.082407
