0.0 0.625677 0.776499 0.010001 0.044951
0.0 0.689348 0.643215 0.008668 0.052268
0.0 0.538003 0.729458 0.008001 0.044951
0.0 0.399325 0.614468 0.008668 0.047042
0.0 0.363156 0.568994 0.007000 0.045996
0.0 0.596341 0.843926 0.015334 0.056450
0.0 0.707850 0.266361 0.008334 0.038678
1.0 0.478498 0.349990 0.038337 0.063767
1.0 0.418493 0.191095 0.004334 0.024043
1.0 0.648012 0.441982 0.045337 0.078402
1.0 0.291316 0.174369 0.024002 0.044951
1.0 0.426160 0.391805 0.019001 0.082584
1.0 0.455163 0.225068 0.025669 0.052268
3.0 0.384324 0.175937 0.072673 0.133807
3.0 0.411993 0.275769 0.042670 0.086766
