0.0 0.196296 0.362605 0.012396 0.018252
0.0 0.790368 0.297457 0.009015 0.022815
0.0 0.620392 0.439668 0.008640 0.030420
0.0 0.784359 0.299991 0.009767 0.022815
0.0 0.215266 0.400376 0.010518 0.027885
1.0 0.344673 0.286303 0.023666 0.030926
1.0 0.531178 0.602666 0.043574 0.075542
1.0 0.389375 0.300245 0.037188 0.049685
1.0 0.773653 0.416346 0.056722 0.043602
1.0 0.305044 0.273881 0.022538 0.024335
1.0 0.332090 0.347395 0.029300 0.038531
1.0 0.359887 0.314441 0.025544 0.039545
2.0 0.372846 0.274135 0.007137 0.009633
2.0 0.361765 0.635367 0.018031 0.046643
3.0 0.800323 0.356775 0.066488 0.053234
