0.0 0.122656 0.376852 0.016146 0.050000
0.0 0.381250 0.312037 0.009375 0.051852
0.0 0.901563 0.704167 0.027083 0.056481
0.0 0.705990 0.405556 0.006771 0.031481
0.0 0.218490 0.350000 0.010938 0.027778
0.0 0.257292 0.337963 0.008333 0.018519
1.0 0.427865 0.308333 0.064063 0.085185
1.0 0.316146 0.768981 0.077083 0.200926
1.0 0.648438 0.400000 0.095833 0.079630
2.0 0.197135 0.175463 0.013021 0.037963
2.0 0.377865 0.375463 0.017188 0.052778
2.0 0.622917 0.516667 0.036458 0.057407
3.0 0.235938 0.105556 0.044792 0.085185
3.0 0.255990 0.475463 0.104688 0.258333
