0.0 0.634896 0.609722 0.021875 0.050926
0.0 0.463802 0.719444 0.020312 0.053704
0.0 0.651042 0.647222 0.019792 0.051852
0.0 0.763802 0.280093 0.011979 0.049074
0.0 0.913542 0.557870 0.019792 0.054630
0.0 0.729427 0.594907 0.029687 0.043519
0.0 0.357812 0.078241 0.008333 0.039815
1.0 0.174479 0.501852 0.113542 0.094444
1.0 0.915104 0.053704 0.059375 0.048148
1.0 0.802604 0.819907 0.121875 0.176852
1.0 0.544010 0.327315 0.069271 0.069444
1.0 0.882552 0.769907 0.129687 0.171296
1.0 0.808594 0.095370 0.053646 0.053704
2.0 0.076563 0.637963 0.064583 0.053704
3.0 0.485937 0.912500 0.100000 0.175000
3.0 0.377344 0.390278 0.115104 0.119444
