0.0 0.591667 0.289815 0.006250 0.050000
0.0 0.763542 0.193056 0.012500 0.043519
0.0 0.778646 0.496759 0.026042 0.036111
0.0 0.425260 0.095833 0.006771 0.012037
0.0 0.751042 0.521296 0.016667 0.061111
0.0 0.840365 0.158796 0.013021 0.041667
0.0 0.780469 0.206019 0.013021 0.043519
1.0 0.397917 0.256019 0.051042 0.087963
1.0 0.221615 0.055556 0.038021 0.062963
1.0 0.321615 0.801389 0.078646 0.200926
1.0 0.240365 0.375463 0.063021 0.130556
1.0 0.649740 0.399074 0.095313 0.079630
1.0 0.271615 0.563889 0.036979 0.077778
2.0 0.352083 0.306019 0.015625 0.045370
