0.0 0.757292 0.531019 0.015625 0.041667
0.0 0.547917 0.637500 0.013542 0.039815
0.0 0.768490 0.536574 0.015104 0.043519
0.0 0.811719 0.481481 0.013021 0.031481
0.0 0.830469 0.600926 0.024479 0.029630
0.0 0.509115 0.124537 0.004688 0.028704
1.0 0.057292 0.494907 0.067708 0.071296
1.0 0.447396 0.313889 0.054167 0.055556
1.0 0.519792 0.917593 0.077083 0.162963
1.0 0.786198 0.888426 0.102604 0.169444
1.0 0.573438 0.845370 0.072917 0.150000
1.0 0.091146 0.581944 0.072917 0.041667
1.0 0.841146 0.835648 0.107292 0.162037
1.0 0.867708 0.123611 0.010417 0.021296
2.0 0.295312 0.381944 0.029167 0.034259
3.0 0.445312 0.709722 0.066667 0.139815
