0.0 0.383594 0.312963 0.009896 0.048148
0.0 0.183854 0.169907 0.011458 0.043519
0.0 0.284635 0.393981 0.015104 0.032407
0.0 0.601823 0.062500 0.007812 0.036111
0.0 0.317708 0.414352 0.014583 0.056481
0.0 0.175781 0.167593 0.010937 0.044444
0.0 0.134115 0.161574 0.011979 0.043519
1.0 0.239844 0.340278 0.076563 0.076852
1.0 0.731250 0.065278 0.018750 0.036111
1.0 0.784635 0.254630 0.039062 0.072222
1.0 0.815365 0.092130 0.040104 0.069444
1.0 0.087500 0.254630 0.076042 0.059259
1.0 0.802604 0.169444 0.022917 0.044444
2.0 0.417187 0.942593 0.041667 0.112963
