0.0 0.823438 0.380556 0.023958 0.035185
0.0 0.069792 0.778704 0.031250 0.066667
0.0 0.790365 0.372685 0.014062 0.050926
1.0 0.410937 0.921296 0.098958 0.153704
1.0 0.103906 0.335648 0.063021 0.069444
1.0 0.821615 0.063426 0.029687 0.045370
1.0 0.676042 0.085185 0.029167 0.051852
1.0 0.222917 0.320833 0.104167 0.099074
1.0 0.499740 0.359722 0.082813 0.087963
1.0 0.734115 0.050000 0.035937 0.070370
1.0 0.212240 0.386111 0.073438 0.053704
1.0 0.078385 0.248611 0.070312 0.058333
2.0 0.369792 0.381481 0.031250 0.040741
3.0 0.752865 0.143981 0.048438 0.093519
