0.0 0.093490 0.278704 0.017187 0.037037
0.0 0.923958 0.118519 0.012500 0.040741
0.0 0.726042 0.429630 0.014583 0.051852
0.0 0.910937 0.125000 0.012500 0.042593
0.0 0.122917 0.352315 0.016667 0.049074
1.0 0.298438 0.147222 0.035417 0.062963
1.0 0.648698 0.492593 0.072396 0.088889
1.0 0.297917 0.676852 0.067708 0.162963
1.0 0.367969 0.181944 0.056771 0.100926
1.0 0.879167 0.346296 0.079167 0.079630
1.0 0.321615 0.080556 0.032812 0.059259
1.0 0.239583 0.123611 0.034375 0.056481
1.0 0.323437 0.211574 0.038542 0.080556
1.0 0.467187 0.647685 0.068750 0.113889
2.0 0.341146 0.128241 0.010417 0.023148
2.0 0.255990 0.476389 0.019271 0.062037
3.0 0.915885 0.237963 0.092188 0.096296
