0.0 0.304688 0.114815 0.007292 0.027778
0.0 0.838281 0.360185 0.013021 0.038889
0.0 0.152344 0.548148 0.017188 0.044444
1.0 0.767188 0.528241 0.063542 0.065741
1.0 0.879167 0.653704 0.101042 0.088889
1.0 0.280990 0.187963 0.047396 0.042593
1.0 0.730990 0.596759 0.085938 0.063889
1.0 0.213281 0.895833 0.108854 0.184259
2.0 0.586719 0.668056 0.029687 0.052778
2.0 0.813542 0.488426 0.037500 0.036111
3.0 0.454167 0.918981 0.113542 0.158333
3.0 0.822135 0.428704 0.132812 0.116667
3.0 0.606510 0.505556 0.092187 0.114815
3.0 0.930990 0.597222 0.128646 0.112963
