0.0 0.552865 0.275463 0.014063 0.043519
0.0 0.679688 0.231019 0.011458 0.045370
0.0 0.917188 0.659722 0.035417 0.037963
0.0 0.395573 0.057870 0.006771 0.036111
0.0 0.896094 0.693981 0.026563 0.065741
0.0 0.914323 0.125463 0.011979 0.041667
0.0 0.698438 0.241204 0.010417 0.047222
1.0 0.350260 0.148148 0.041146 0.068519
1.0 0.264583 0.210648 0.051042 0.093519
1.0 0.196094 0.154630 0.032812 0.055556
1.0 0.337240 0.863889 0.107813 0.268519
1.0 0.459896 0.833333 0.054167 0.231481
2.0 0.308594 0.181481 0.011979 0.037037
