0.0 0.363281 0.352315 0.021354 0.043519
0.0 0.214583 0.486111 0.016667 0.057407
0.0 0.216406 0.509722 0.020313 0.050926
0.0 0.221094 0.547685 0.019271 0.056481
0.0 0.385156 0.254630 0.014063 0.044444
0.0 0.254427 0.201389 0.013021 0.045370
1.0 0.188542 0.387963 0.085417 0.077778
1.0 0.295833 0.454167 0.087500 0.086111
1.0 0.213542 0.321759 0.060417 0.063889
1.0 0.129948 0.275926 0.070312 0.066667
1.0 0.178906 0.860648 0.109896 0.215741
1.0 0.303646 0.371296 0.080208 0.083333
1.0 0.102604 0.335185 0.063542 0.068519
1.0 0.443750 0.487963 0.109375 0.077778
2.0 0.065365 0.237500 0.023438 0.037963
