0.0 0.544271 0.609259 0.010417 0.042593
0.0 0.409375 0.725000 0.014583 0.046296
0.0 0.571354 0.625463 0.009375 0.043519
0.0 0.655208 0.299074 0.008333 0.035185
0.0 0.784635 0.545370 0.013021 0.040741
0.0 0.870313 0.630556 0.016667 0.044444
0.0 0.596875 0.598148 0.020833 0.038889
0.0 0.361979 0.197685 0.006250 0.030556
1.0 0.391667 0.441204 0.068750 0.063889
1.0 0.762500 0.168981 0.041667 0.037963
1.0 0.675521 0.684259 0.077083 0.122222
1.0 0.606250 0.328241 0.044792 0.049074
1.0 0.672396 0.556481 0.067708 0.101852
1.0 0.712760 0.190278 0.036979 0.041667
2.0 0.347135 0.612037 0.036979 0.040741
3.0 0.832552 0.145833 0.090104 0.112037
3.0 0.513802 0.365741 0.071354 0.085185
