0.0 0.092448 0.429630 0.024479 0.025926
0.0 0.976302 0.276389 0.013021 0.015741
0.0 0.110156 0.428704 0.018229 0.029630
1.0 0.397396 0.465278 0.061458 0.067593
1.0 0.810417 0.441667 0.071875 0.042593
1.0 0.188802 0.335185 0.040104 0.037037
1.0 0.572396 0.430093 0.123958 0.054630
1.0 0.902604 0.412500 0.083333 0.045370
1.0 0.386458 0.352315 0.050000 0.047222
1.0 0.579948 0.488426 0.084896 0.049074
1.0 0.802604 0.399074 0.084375 0.038889
2.0 0.437240 0.399074 0.022396 0.024074
2.0 0.201563 0.287500 0.012500 0.021296
3.0 0.294531 0.420370 0.073437 0.079630
3.0 0.941667 0.350926 0.097917 0.055556
