0.0 0.219691 0.333293 0.013127 0.066683
0.0 0.414478 0.250557 0.008108 0.066683
0.0 0.794595 0.767348 0.020849 0.085206
0.0 0.652703 0.374044 0.005019 0.041985
0.0 0.291313 0.300569 0.008108 0.035811
0.0 0.317567 0.287604 0.005019 0.019758
1.0 0.444402 0.240061 0.047105 0.112372
1.0 0.365830 0.870399 0.057529 0.259202
1.0 0.603475 0.373427 0.071815 0.104964
2.0 0.275869 0.067180 0.009653 0.050630
2.0 0.406950 0.322180 0.013127 0.066683
2.0 0.585714 0.531489 0.025483 0.090146
3.0 0.305405 0.019080 0.033977 0.038160
3.0 0.319498 0.467894 0.077607 0.345762
