0.0 0.836719 0.318056 0.023438 0.045370
0.0 0.820573 0.277315 0.022396 0.050926
0.0 0.885938 0.124074 0.025000 0.044444
0.0 0.560417 0.091667 0.012500 0.055556
1.0 0.616146 0.394907 0.053125 0.171296
1.0 0.467969 0.910648 0.049479 0.175000
1.0 0.547396 0.627315 0.047917 0.208333
1.0 0.712760 0.693519 0.058854 0.203704
1.0 0.687240 0.355556 0.056771 0.168519
1.0 0.466667 0.617130 0.045833 0.186111
2.0 0.534115 0.095833 0.015104 0.067593
3.0 0.357292 0.765741 0.120833 0.466667
3.0 0.441667 0.067130 0.104167 0.134259
3.0 0.668490 0.064815 0.053646 0.129630
