0.0 0.352344 0.337037 0.017188 0.042593
0.0 0.158854 0.630556 0.022917 0.064815
0.0 0.059115 0.690741 0.028646 0.059259
0.0 0.064323 0.782407 0.025521 0.064815
0.0 0.296094 0.219907 0.008854 0.045370
0.0 0.325000 0.231944 0.010417 0.045370
1.0 0.188542 0.387963 0.085417 0.077778
1.0 0.376563 0.484722 0.098958 0.080556
1.0 0.213542 0.321759 0.060417 0.063889
1.0 0.129948 0.275926 0.070312 0.066667
1.0 0.810417 0.121759 0.029167 0.049074
1.0 0.823438 0.057407 0.028125 0.044444
1.0 0.383333 0.385648 0.084375 0.073148
1.0 0.102604 0.335185 0.063542 0.068519
1.0 0.764062 0.106481 0.042708 0.072222
1.0 0.591667 0.405093 0.081250 0.100926
2.0 0.065365 0.237500 0.023438 0.037963
