0.0 0.561719 0.174537 0.024479 0.056481
0.0 0.893750 0.045370 0.014583 0.061111
0.0 0.596354 0.150926 0.016667 0.064815
1.0 0.630990 0.577778 0.121354 0.177778
1.0 0.273958 0.141667 0.059375 0.114815
1.0 0.476302 0.286111 0.085938 0.111111
1.0 0.979427 0.179167 0.041146 0.095370
1.0 0.150781 0.371759 0.059896 0.115741
1.0 0.338802 0.314815 0.088021 0.194444
1.0 0.357812 0.141667 0.068750 0.125926
1.0 0.980729 0.288426 0.038542 0.099074
1.0 0.241667 0.323148 0.091667 0.185185
1.0 0.233594 0.037500 0.051563 0.075000
