0.0 0.344010 0.333796 0.015104 0.028704
0.0 0.184635 0.571759 0.018229 0.058333
0.0 0.103646 0.633796 0.021875 0.062037
0.0 0.109115 0.723148 0.029687 0.066667
0.0 0.305729 0.231019 0.010417 0.045370
0.0 0.315885 0.229630 0.007812 0.046296
1.0 0.188542 0.387963 0.085417 0.077778
1.0 0.314063 0.465278 0.088542 0.087963
1.0 0.213542 0.321759 0.060417 0.063889
1.0 0.129948 0.275926 0.070312 0.066667
1.0 0.819271 0.076852 0.027083 0.044444
1.0 0.323958 0.379167 0.083333 0.082407
1.0 0.102604 0.335185 0.063542 0.068519
1.0 0.776042 0.062963 0.038542 0.064815
1.0 0.542448 0.448611 0.098437 0.097222
2.0 0.065365 0.237500 0.023438 0.037963
