0.0 0.494308 0.676920 0.009697 0.046614
0.0 0.372039 0.797160 0.010541 0.047673
0.0 0.558183 0.637721 0.005903 0.038138
0.0 0.616577 0.255279 0.007167 0.040257
0.0 0.730413 0.551910 0.010541 0.046614
0.0 0.762245 0.601172 0.012648 0.047673
0.0 0.553967 0.677979 0.017708 0.048733
0.0 0.352645 0.177944 0.005481 0.036019
1.0 0.450250 0.404655 0.053124 0.069920
1.0 0.565562 0.521188 0.052702 0.099583
1.0 0.586010 0.303482 0.036259 0.056148
1.0 0.599502 0.438555 0.032043 0.091108
1.0 0.669700 0.145632 0.024875 0.047673
2.0 0.472384 0.808813 0.018973 0.081573
3.0 0.719451 0.130271 0.085588 0.137721
3.0 0.523399 0.336853 0.056918 0.095345
