0.0 0.747917 0.114815 0.008333 0.037037
0.0 0.332813 0.163889 0.007292 0.048148
0.0 0.520833 0.259259 0.006250 0.051852
0.0 0.336979 0.167593 0.007292 0.048148
0.0 0.759115 0.179630 0.007812 0.048148
0.0 0.751302 0.148611 0.008854 0.028704
1.0 0.588542 0.112963 0.030208 0.096296
1.0 0.311719 0.373611 0.047396 0.089815
1.0 0.546354 0.593981 0.054167 0.119444
1.0 0.386979 0.702315 0.076042 0.102778
1.0 0.612240 0.140278 0.020313 0.076852
1.0 0.288542 0.925000 0.043750 0.150000
2.0 0.601823 0.062963 0.005729 0.018519
3.0 0.258594 0.237963 0.053646 0.072222
