0.0 0.959896 0.253704 0.018750 0.029630
0.0 0.123698 0.228704 0.010938 0.033333
0.0 0.427083 0.325000 0.012500 0.037037
0.0 0.150260 0.236111 0.014063 0.033333
0.0 0.963281 0.297222 0.015104 0.035185
0.0 0.978385 0.199074 0.015104 0.020370
1.0 0.736979 0.184722 0.035417 0.043519
1.0 0.666667 0.211111 0.056250 0.072222
1.0 0.086458 0.378704 0.085417 0.062963
1.0 0.730990 0.337963 0.050521 0.059259
1.0 0.616406 0.544907 0.101562 0.097222
1.0 0.711458 0.231481 0.038542 0.057407
2.0 0.691667 0.173611 0.010417 0.013889
3.0 0.048177 0.293056 0.096354 0.076852
