0.0 0.773438 0.592130 0.017708 0.041667
0.0 0.881771 0.542130 0.018750 0.041667
0.0 0.265365 0.401852 0.013021 0.046296
0.0 0.811719 0.720370 0.018229 0.046296
0.0 0.092708 0.918981 0.026042 0.052778
0.0 0.257812 0.331019 0.013542 0.043519
0.0 0.729167 0.509722 0.016667 0.043519
1.0 0.659115 0.676389 0.098438 0.139815
1.0 0.427344 0.584722 0.039062 0.115741
1.0 0.524219 0.155556 0.028646 0.072222
1.0 0.502344 0.667593 0.043229 0.157407
1.0 0.347396 0.795833 0.051042 0.191667
3.0 0.582812 0.138889 0.077083 0.224074
