0.0 0.906250 0.278704 0.016667 0.037037
0.0 0.075521 0.119444 0.012500 0.040741
0.0 0.273698 0.429630 0.015104 0.051852
0.0 0.088542 0.125463 0.012500 0.041667
0.0 0.877083 0.352315 0.016667 0.049074
1.0 0.701302 0.148148 0.035937 0.062963
1.0 0.351302 0.492593 0.072396 0.088889
1.0 0.702083 0.676852 0.067708 0.162963
1.0 0.632031 0.182870 0.056771 0.100926
1.0 0.120573 0.347222 0.078646 0.079630
1.0 0.678125 0.080556 0.033333 0.059259
1.0 0.759896 0.124074 0.034375 0.055556
1.0 0.676042 0.212037 0.038542 0.079630
1.0 0.532292 0.673148 0.068750 0.162963
2.0 0.658854 0.128241 0.010417 0.023148
2.0 0.744010 0.476389 0.019271 0.062037
3.0 0.083594 0.238426 0.092188 0.097222
