0.0 0.821094 0.423611 0.014063 0.039815
0.0 0.380990 0.347685 0.008854 0.037963
0.0 0.195312 0.734259 0.018750 0.050000
0.0 0.632552 0.068981 0.004687 0.017593
0.0 0.390625 0.328241 0.014583 0.032407
1.0 0.655208 0.296759 0.035417 0.065741
1.0 0.266667 0.457870 0.056250 0.060185
1.0 0.745313 0.106481 0.021875 0.033333
1.0 0.683854 0.092593 0.021875 0.035185
1.0 0.689583 0.180093 0.022917 0.043519
1.0 0.715625 0.091204 0.020833 0.034259
1.0 0.102344 0.309259 0.057813 0.055556
1.0 0.718750 0.501389 0.038542 0.082407
1.0 0.445573 0.587963 0.078646 0.107407
1.0 0.625521 0.392593 0.039583 0.081481
1.0 0.737240 0.390278 0.023438 0.047222
1.0 0.123438 0.087037 0.042708 0.035185
1.0 0.701302 0.141204 0.023438 0.041667
1.0 0.613542 0.279167 0.031250 0.058333
1.0 0.652344 0.179167 0.028646 0.045370
1.0 0.673958 0.232870 0.032292 0.056481
1.0 0.575260 0.359259 0.059896 0.094444
2.0 0.101562 0.548148 0.034375 0.042593
