0.0 0.050885 0.284284 0.023668 0.058954
0.0 0.083134 0.319790 0.019527 0.076372
1.0 0.343786 0.248108 0.055621 0.136664
1.0 0.832546 0.353286 0.076923 0.108528
1.0 0.185206 0.199203 0.048521 0.113888
1.0 0.474556 0.272226 0.124261 0.174180
1.0 0.931068 0.278924 0.089350 0.115228
1.0 0.355029 0.057848 0.048521 0.109868
1.0 0.474852 0.430998 0.088166 0.154082
1.0 0.743493 0.300362 0.095267 0.107188
2.0 0.387574 0.164367 0.014201 0.054934
2.0 0.170412 0.059858 0.015385 0.060294
3.0 0.321005 0.487942 0.092900 0.249212
3.0 0.960356 0.121492 0.079288 0.140684
