0.0 0.738542 0.435185 0.012500 0.048148
0.0 0.753125 0.362963 0.012500 0.048148
0.0 0.228125 0.578241 0.015625 0.045370
0.0 0.757292 0.272222 0.012500 0.046296
0.0 0.147135 0.795833 0.021354 0.045370
0.0 0.396875 0.061111 0.007292 0.040741
1.0 0.521615 0.212037 0.030729 0.092593
1.0 0.510417 0.430093 0.037500 0.115741
1.0 0.574740 0.514815 0.038021 0.105556
1.0 0.468750 0.205093 0.034375 0.089815
1.0 0.325521 0.691667 0.087500 0.122222
3.0 0.414323 0.139352 0.078646 0.223148
3.0 0.244792 0.942593 0.119792 0.109259
3.0 0.579687 0.216204 0.040625 0.113889
3.0 0.494271 0.692593 0.054167 0.237037
