0.0 0.222885 0.362353 0.020146 0.042775
0.0 0.868843 0.860295 0.027005 0.077872
0.0 0.248818 0.356321 0.012859 0.059226
1.0 0.534934 0.879969 0.078440 0.240062
1.0 0.797689 0.329998 0.052722 0.083355
1.0 0.238960 0.019675 0.025718 0.039350
1.0 0.696959 0.313547 0.087871 0.120647
1.0 0.864557 0.272965 0.062153 0.089937
1.0 0.473853 0.311353 0.062581 0.107485
1.0 0.704246 0.410612 0.061295 0.099807
1.0 0.822121 0.221965 0.059581 0.073485
2.0 0.569225 0.360708 0.026147 0.048259
3.0 0.299397 0.118319 0.042864 0.118453
