0.0 0.101562 0.347222 0.013542 0.029630
0.0 0.411458 0.303241 0.012500 0.049074
0.0 0.836979 0.593056 0.020833 0.052778
0.0 0.708854 0.458796 0.010417 0.034259
0.0 0.219010 0.362500 0.011979 0.052778
0.0 0.196094 0.388889 0.019271 0.050000
1.0 0.374740 0.205556 0.043229 0.072222
1.0 0.503906 0.562500 0.086979 0.147222
1.0 0.181510 0.080556 0.030729 0.048148
2.0 0.215365 0.268981 0.015104 0.043519
2.0 0.329167 0.240278 0.013542 0.039815
2.0 0.527604 0.813889 0.025000 0.103704
3.0 0.263021 0.203704 0.054167 0.105556
3.0 0.289844 0.650463 0.126562 0.336111
