0.0 0.108551 0.436247 0.031068 0.048116
0.0 0.850130 0.393545 0.013048 0.046913
0.0 0.708463 0.280473 0.009320 0.044507
1.0 0.538213 0.209502 0.070212 0.063753
1.0 0.832421 0.059742 0.053436 0.050522
1.0 0.102648 0.428427 0.090096 0.090216
1.0 0.841431 0.947876 0.129862 0.104249
1.0 0.272897 0.340016 0.083881 0.081797
1.0 0.455573 0.830796 0.063999 0.151565
2.0 0.735491 0.157176 0.024854 0.036087
2.0 0.514912 0.311748 0.016156 0.039696
3.0 0.426992 0.343023 0.105008 0.232158
3.0 0.709394 0.104850 0.096930 0.107057
