0.0 0.096615 0.390741 0.031771 0.038889
0.0 0.128385 0.387500 0.019271 0.050926
1.0 0.488021 0.675463 0.091667 0.171296
1.0 0.860156 0.387500 0.075521 0.071296
1.0 0.145313 0.127778 0.037500 0.051852
1.0 0.715365 0.370370 0.129687 0.101852
1.0 0.957552 0.336574 0.084896 0.076852
1.0 0.427083 0.317130 0.077083 0.087963
1.0 0.720573 0.458333 0.089063 0.085185
1.0 0.900781 0.291667 0.085938 0.062963
2.0 0.535677 0.375926 0.034896 0.040741
2.0 0.178385 0.062037 0.011979 0.031481
3.0 0.235938 0.229167 0.064583 0.106481
3.0 0.974479 0.231944 0.051042 0.093519
