0.0 0.585417 0.427778 0.007292 0.046296
0.0 0.545573 0.384259 0.009896 0.046296
0.0 0.466406 0.063426 0.008854 0.030556
0.0 0.871094 0.266667 0.019271 0.040741
1.0 0.197656 0.385185 0.030729 0.055556
1.0 0.329167 0.233333 0.044792 0.109259
1.0 0.232292 0.253241 0.042708 0.071296
1.0 0.359115 0.472222 0.066146 0.083333
1.0 0.867188 0.806019 0.147917 0.117593
1.0 0.824740 0.691204 0.118229 0.084259
1.0 0.581250 0.485648 0.087500 0.069444
2.0 0.396615 0.293519 0.017188 0.050000
2.0 0.341667 0.163426 0.010417 0.030556
3.0 0.352344 0.075926 0.031771 0.094444
