0.0 0.405469 0.706944 0.015104 0.039815
0.0 0.239844 0.718056 0.020313 0.039815
0.0 0.517969 0.654630 0.011979 0.040741
0.0 0.651563 0.290278 0.008333 0.032407
0.0 0.744531 0.543981 0.011979 0.037963
0.0 0.792969 0.536574 0.011979 0.039815
0.0 0.466146 0.707870 0.020833 0.039815
0.0 0.240365 0.257407 0.008854 0.031481
1.0 0.519010 0.378704 0.064062 0.055556
1.0 0.470313 0.437037 0.070833 0.055556
1.0 0.722917 0.280556 0.043750 0.042593
1.0 0.625781 0.428241 0.036979 0.073148
1.0 0.687760 0.213889 0.028646 0.040741
3.0 0.751042 0.201852 0.115625 0.116667
3.0 0.605208 0.327315 0.071875 0.076852
