0.0 0.420738 0.581484 0.013477 0.035498
0.0 0.572844 0.670228 0.016045 0.038724
0.0 0.410470 0.606493 0.016045 0.033884
0.0 0.298156 0.332999 0.008343 0.030657
0.0 0.148939 0.539531 0.016687 0.035498
0.0 0.011916 0.631907 0.022463 0.037919
0.0 0.353029 0.567365 0.024388 0.029850
0.0 0.647613 0.228523 0.007702 0.026624
1.0 0.680023 0.466116 0.087925 0.058088
1.0 0.173648 0.210774 0.050702 0.033078
1.0 0.277298 0.669017 0.096269 0.108914
1.0 0.392499 0.358816 0.055835 0.043565
1.0 0.238791 0.606493 0.097553 0.098426
1.0 0.237828 0.230136 0.045567 0.036305
2.0 0.748695 0.583500 0.049418 0.031464
3.0 0.073850 0.184957 0.083433 0.089551
3.0 0.457000 0.882408 0.091134 0.104880
3.0 0.521500 0.396733 0.090493 0.075836
