0.0 0.214844 0.254167 0.011979 0.026852
0.0 0.170312 0.236111 0.010417 0.033333
0.0 0.369271 0.318519 0.014583 0.027778
1.0 0.718490 0.065278 0.018229 0.032407
1.0 0.157292 0.591667 0.089583 0.096296
1.0 0.463021 0.915741 0.087500 0.166667
1.0 0.053646 0.171759 0.044792 0.041667
1.0 0.300000 0.407870 0.065625 0.065741
1.0 0.699219 0.148148 0.023438 0.042593
1.0 0.734115 0.190278 0.023438 0.039815
1.0 0.121094 0.084722 0.039062 0.037963
1.0 0.143490 0.094444 0.045312 0.033333
1.0 0.158594 0.338889 0.066146 0.050000
1.0 0.679167 0.099537 0.026042 0.052778
1.0 0.754167 0.264352 0.029167 0.052778
