0.0 0.500521 0.648148 0.010417 0.044444
0.0 0.349219 0.762037 0.013021 0.044444
0.0 0.571094 0.622222 0.008854 0.038889
0.0 0.645312 0.286574 0.007292 0.034259
0.0 0.784635 0.543981 0.014062 0.041667
0.0 0.827344 0.593056 0.017188 0.043519
0.0 0.571615 0.649074 0.019271 0.042593
0.0 0.322917 0.216667 0.007292 0.031481
1.0 0.438542 0.416667 0.065625 0.061111
1.0 0.589583 0.529630 0.063542 0.088889
1.0 0.605990 0.328241 0.045312 0.049074
1.0 0.626042 0.456019 0.043750 0.082407
1.0 0.712240 0.190278 0.035938 0.041667
2.0 0.454167 0.735648 0.023958 0.056481
3.0 0.779167 0.172685 0.105208 0.119444
3.0 0.528385 0.356481 0.070313 0.083333
