0.0 0.069010 0.117130 0.013021 0.034259
0.0 0.789323 0.182407 0.010937 0.044444
0.0 0.413281 0.292130 0.015104 0.049074
0.0 0.773958 0.188426 0.010417 0.045370
0.0 0.056250 0.197685 0.017708 0.026852
1.0 0.346615 0.135185 0.051562 0.090741
1.0 0.717448 0.444444 0.080729 0.092593
1.0 0.601042 0.688426 0.115625 0.102778
1.0 0.833594 0.631019 0.113021 0.125000
1.0 0.305729 0.161111 0.035417 0.072222
1.0 0.905208 0.758796 0.088542 0.152778
2.0 0.323698 0.087500 0.009896 0.017593
3.0 0.897917 0.248148 0.092708 0.098148
