0.0 0.072135 0.231019 0.017188 0.039815
0.0 0.881510 0.138889 0.011979 0.042593
0.0 0.633333 0.334722 0.009375 0.049074
0.0 0.869010 0.143981 0.011979 0.041667
0.0 0.062240 0.083333 0.009896 0.016667
1.0 0.284115 0.109259 0.032813 0.055556
1.0 0.346615 0.134259 0.051562 0.090741
1.0 0.879167 0.346296 0.079167 0.079630
1.0 0.245312 0.144444 0.035417 0.051852
1.0 0.292187 0.313889 0.046875 0.088889
1.0 0.305208 0.160648 0.035417 0.071296
2.0 0.323438 0.087037 0.010417 0.018519
3.0 0.915885 0.237963 0.092188 0.096296
