0.0 0.355990 0.131944 0.004687 0.028704
0.0 0.815104 0.417593 0.012500 0.038889
0.0 0.050260 0.687500 0.014063 0.030556
1.0 0.566927 0.547685 0.059896 0.082407
1.0 0.701562 0.600926 0.084375 0.070370
1.0 0.243490 0.827778 0.110937 0.183333
1.0 0.280990 0.188426 0.047396 0.041667
1.0 0.585156 0.670370 0.073438 0.114815
1.0 0.358073 0.625463 0.075521 0.119444
2.0 0.519792 0.813889 0.025000 0.074074
3.0 0.454427 0.919907 0.114062 0.158333
3.0 0.405729 0.879630 0.101042 0.238889
3.0 0.713802 0.497222 0.099479 0.087037
