0.0 0.345833 0.369444 0.018750 0.046296
0.0 0.220833 0.456944 0.014583 0.047222
0.0 0.229167 0.497685 0.016667 0.056481
0.0 0.248438 0.507870 0.014583 0.058333
0.0 0.454688 0.256019 0.014583 0.045370
0.0 0.200260 0.176389 0.011979 0.043519
1.0 0.672917 0.095833 0.036458 0.056481
1.0 0.135417 0.355556 0.082292 0.074074
1.0 0.237240 0.418519 0.082812 0.081481
1.0 0.164844 0.293981 0.058854 0.062037
1.0 0.084115 0.250000 0.067187 0.064815
1.0 0.250260 0.342593 0.077604 0.079630
1.0 0.052865 0.305093 0.060937 0.065741
1.0 0.379687 0.486111 0.110417 0.075926
