0.0 0.402865 0.290278 0.008854 0.049074
0.0 0.192188 0.176389 0.012500 0.043519
0.0 0.285938 0.393056 0.015625 0.030556
0.0 0.587760 0.084259 0.007812 0.038889
0.0 0.303385 0.420370 0.010937 0.053704
0.0 0.185937 0.170833 0.008333 0.043519
0.0 0.152865 0.193056 0.013021 0.013889
1.0 0.364844 0.388426 0.084896 0.075000
1.0 0.759635 0.378241 0.047396 0.095370
1.0 0.801042 0.164815 0.045833 0.083333
1.0 0.127865 0.277778 0.078646 0.061111
1.0 0.784115 0.265278 0.026562 0.050926
2.0 0.527344 0.639352 0.027604 0.080556
