0.0 0.235156 0.533333 0.016146 0.042593
0.0 0.442969 0.640278 0.010937 0.045370
0.0 0.224740 0.543056 0.014063 0.043519
0.0 0.179688 0.496296 0.010417 0.040741
0.0 0.161719 0.609259 0.025521 0.027778
0.0 0.487240 0.121759 0.004687 0.028704
1.0 0.922135 0.486111 0.066146 0.068519
1.0 0.539062 0.306944 0.053125 0.054630
1.0 0.479687 0.917593 0.077083 0.162963
1.0 0.213281 0.888426 0.102604 0.169444
1.0 0.426042 0.845370 0.072917 0.150000
1.0 0.926042 0.607407 0.073958 0.075926
1.0 0.158333 0.835648 0.107292 0.162037
2.0 0.688542 0.375463 0.029167 0.034259
2.0 0.899219 0.667130 0.049479 0.037963
3.0 0.554167 0.709722 0.066667 0.139815
