0.0 0.897917 0.343519 0.007292 0.024074
0.0 0.582292 0.296759 0.012500 0.049074
0.0 0.170312 0.581481 0.021875 0.055556
0.0 0.283073 0.468056 0.006771 0.034259
0.0 0.780990 0.362037 0.011979 0.053704
0.0 0.817969 0.388889 0.014062 0.051852
1.0 0.627865 0.198148 0.042187 0.070370
1.0 0.504948 0.583333 0.083854 0.155556
1.0 0.817448 0.085648 0.030729 0.049074
2.0 0.782031 0.280093 0.015104 0.043519
2.0 0.673437 0.231944 0.013542 0.039815
2.0 0.474740 0.850463 0.023438 0.106481
3.0 0.734115 0.212963 0.054688 0.105556
3.0 0.704687 0.677315 0.130208 0.349074
