0.0 0.513021 0.659722 0.013542 0.041667
0.0 0.665625 0.758796 0.011458 0.043519
0.0 0.428646 0.625463 0.009375 0.043519
0.0 0.356771 0.283796 0.007292 0.036111
0.0 0.215104 0.545370 0.013542 0.040741
0.0 0.180208 0.584722 0.014583 0.041667
0.0 0.441927 0.662037 0.020313 0.040741
0.0 0.686719 0.220833 0.007812 0.030556
1.0 0.557552 0.414815 0.065104 0.061111
1.0 0.425000 0.511111 0.066667 0.083333
1.0 0.385156 0.323611 0.044271 0.049074
1.0 0.378906 0.438426 0.039062 0.078704
1.0 0.291667 0.190278 0.028125 0.041667
2.0 0.525781 0.793056 0.023438 0.073148
3.0 0.232812 0.178704 0.106250 0.120370
3.0 0.464583 0.353704 0.069792 0.083333
