0.0 0.106771 0.436574 0.031250 0.047222
0.0 0.838802 0.413889 0.013021 0.051852
0.0 0.010938 0.337500 0.014583 0.049074
0.0 0.726302 0.308796 0.010938 0.047222
1.0 0.487760 0.237500 0.073438 0.063889
1.0 0.805990 0.065741 0.054688 0.024074
1.0 0.035677 0.467130 0.071354 0.091667
1.0 0.842708 0.944907 0.130208 0.110185
1.0 0.205469 0.375000 0.089062 0.085185
1.0 0.499479 0.942593 0.072917 0.114815
2.0 0.704687 0.178241 0.026042 0.036111
2.0 0.482552 0.375463 0.014062 0.041667
3.0 0.398177 0.417593 0.083854 0.255556
3.0 0.678646 0.125463 0.100000 0.108333
