0.0 0.747664 0.460604 0.012757 0.030675
0.0 0.763473 0.413690 0.013312 0.030675
0.0 0.218500 0.551125 0.016086 0.030073
0.0 0.766801 0.351738 0.013312 0.028269
0.0 0.133634 0.697282 0.022742 0.030073
0.0 0.393225 0.214904 0.007211 0.026465
1.0 0.522742 0.312943 0.032171 0.060147
1.0 0.511649 0.450379 0.038827 0.073981
1.0 0.578210 0.514736 0.039937 0.069168
1.0 0.467829 0.308433 0.035499 0.058343
1.0 0.322225 0.623000 0.090413 0.082401
3.0 0.411529 0.265428 0.081538 0.145555
3.0 0.242351 0.789907 0.123694 0.068568
3.0 0.582092 0.318657 0.042155 0.073981
3.0 0.494454 0.619391 0.055468 0.152171
