0.0 0.417200 0.316182 0.012932 0.054167
0.0 0.327145 0.482713 0.010094 0.071452
0.0 0.328249 0.512101 0.012302 0.063386
0.0 0.331089 0.559352 0.011671 0.070300
0.0 0.430448 0.194597 0.008517 0.055318
0.0 0.351276 0.128330 0.007886 0.056470
1.0 0.311374 0.360552 0.051730 0.096807
1.0 0.376352 0.442953 0.052992 0.107179
1.0 0.326515 0.278150 0.036590 0.079520
1.0 0.275889 0.221103 0.042582 0.082978
1.0 0.305539 0.907311 0.066555 0.185377
1.0 0.381084 0.339807 0.048576 0.103722
1.0 0.259328 0.294861 0.038482 0.085283
1.0 0.465934 0.485018 0.066240 0.096807
2.0 0.236776 0.173276 0.014195 0.047251
