0.0 0.649479 0.760185 0.013542 0.040741
0.0 0.783854 0.681944 0.013542 0.047222
0.0 0.525781 0.681019 0.006771 0.043519
0.0 0.357031 0.282870 0.007812 0.034259
0.0 0.308333 0.582407 0.013542 0.042593
0.0 0.260156 0.545370 0.013021 0.042593
0.0 0.603125 0.755556 0.019792 0.042593
0.0 0.789323 0.273148 0.009896 0.033333
1.0 0.481771 0.375000 0.060417 0.057407
1.0 0.639323 0.420833 0.067187 0.056481
1.0 0.222135 0.237500 0.039062 0.041667
1.0 0.381510 0.425926 0.034896 0.075926
1.0 0.371875 0.229630 0.038542 0.044444
3.0 0.294271 0.207407 0.111458 0.127778
3.0 0.400521 0.321296 0.067708 0.079630
