0.0 0.827865 0.450926 0.026563 0.037037
0.0 0.180208 0.073611 0.008333 0.025000
0.0 0.913542 0.377778 0.012500 0.038889
0.0 0.316146 0.343519 0.009375 0.037037
1.0 0.497135 0.289815 0.060937 0.050000
1.0 0.237240 0.168056 0.045313 0.039815
1.0 0.879167 0.465741 0.079167 0.070370
1.0 0.213281 0.895833 0.108854 0.184259
1.0 0.729167 0.394444 0.073958 0.064815
1.0 0.511719 0.833796 0.058854 0.130556
2.0 0.321615 0.244444 0.021354 0.027778
2.0 0.507292 0.387963 0.012500 0.031481
3.0 0.579167 0.418519 0.073958 0.194444
3.0 0.342708 0.204630 0.082292 0.083333
