0.0 0.467969 0.336111 0.006771 0.059259
0.0 0.200000 0.192593 0.010417 0.042593
0.0 0.463802 0.470370 0.006771 0.061111
0.0 0.304167 0.196296 0.011458 0.051852
1.0 0.779167 0.837963 0.034375 0.111111
1.0 0.604688 0.019907 0.025000 0.039815
1.0 0.736458 0.523611 0.041667 0.154630
1.0 0.736458 0.913889 0.058333 0.172222
1.0 0.243229 0.902778 0.103125 0.155556
1.0 0.272917 0.751852 0.082292 0.111111
1.0 0.602083 0.584259 0.064583 0.140741
2.0 0.189323 0.356019 0.028646 0.047222
2.0 0.577604 0.022685 0.007292 0.045370
