0.0 0.358333 0.566204 0.015625 0.039815
0.0 0.502344 0.650463 0.006771 0.043519
0.0 0.346615 0.600000 0.013021 0.040741
0.0 0.286719 0.368981 0.007812 0.037963
0.0 0.189062 0.571759 0.017708 0.043519
0.0 0.294792 0.562500 0.020833 0.034259
0.0 0.567448 0.162037 0.005729 0.029630
1.0 0.844271 0.444444 0.070833 0.061111
1.0 0.163542 0.137037 0.041667 0.033333
1.0 0.479687 0.917593 0.077083 0.162963
1.0 0.213281 0.888426 0.102604 0.169444
1.0 0.426042 0.845370 0.072917 0.150000
1.0 0.567187 0.418981 0.051042 0.056481
1.0 0.158333 0.835648 0.107292 0.162037
1.0 0.273438 0.183333 0.036458 0.040741
2.0 0.899219 0.674074 0.049479 0.024074
3.0 0.554167 0.709722 0.066667 0.139815
3.0 0.699740 0.475926 0.090104 0.101852
