0.0 0.642708 0.397222 0.012500 0.025926
0.0 0.900781 0.327778 0.015104 0.022222
0.0 0.775000 0.444444 0.019792 0.016667
0.0 0.373437 0.274537 0.011458 0.019444
0.0 0.742708 0.458796 0.013542 0.026852
0.0 0.909896 0.326389 0.014583 0.023148
0.0 0.960938 0.325463 0.016667 0.023148
1.0 0.802344 0.422685 0.099479 0.039815
1.0 0.198437 0.266204 0.023958 0.017593
1.0 0.142188 0.384259 0.052083 0.040741
1.0 0.100781 0.294444 0.052604 0.037037
1.0 0.117448 0.337037 0.030729 0.024074
2.0 0.571354 0.693056 0.048958 0.056481
