0.0 0.738542 0.399537 0.012500 0.045370
0.0 0.748437 0.325463 0.012500 0.047222
0.0 0.221875 0.595833 0.017708 0.043519
0.0 0.750260 0.243981 0.011979 0.045370
0.0 0.165625 0.728704 0.019792 0.044444
0.0 0.401823 0.051852 0.006771 0.040741
1.0 0.521354 0.212037 0.030208 0.092593
1.0 0.506771 0.506481 0.038542 0.127778
1.0 0.573438 0.438426 0.035417 0.095370
1.0 0.469792 0.205093 0.033333 0.089815
1.0 0.293750 0.727315 0.088542 0.121296
1.0 0.656250 0.877778 0.055208 0.196296
3.0 0.416927 0.138889 0.076563 0.224074
3.0 0.175521 0.934259 0.120833 0.107407
3.0 0.588802 0.168981 0.038021 0.106481
3.0 0.488542 0.810648 0.057292 0.263889
