0.0 0.604167 0.370833 0.010417 0.023148
0.0 0.590885 0.760185 0.014062 0.025926
0.0 0.250781 0.281019 0.007812 0.023148
1.0 0.579948 0.447685 0.058854 0.036111
1.0 0.791667 0.440278 0.057292 0.036111
1.0 0.339583 0.478704 0.036458 0.072222
1.0 0.385677 0.254630 0.021354 0.035185
1.0 0.517969 0.493519 0.067187 0.040741
1.0 0.805729 0.482407 0.071875 0.038889
1.0 0.447917 0.412037 0.054167 0.050000
1.0 0.360156 0.369907 0.038021 0.069444
2.0 0.720312 0.439352 0.029167 0.021296
2.0 0.722917 0.484259 0.023958 0.018519
