0.0 0.590365 0.290741 0.014062 0.048148
0.0 0.709115 0.218981 0.013021 0.045370
0.0 0.870313 0.588889 0.033333 0.037037
0.0 0.402865 0.070370 0.007812 0.037037
0.0 0.838281 0.635648 0.019271 0.056481
0.0 0.891406 0.136574 0.015104 0.039815
0.0 0.724740 0.230556 0.009896 0.046296
1.0 0.353385 0.154630 0.042187 0.070370
1.0 0.245833 0.143981 0.045833 0.078704
1.0 0.185417 0.098611 0.030208 0.047222
1.0 0.290365 0.639352 0.083854 0.210185
1.0 0.490365 0.595833 0.085938 0.158333
2.0 0.310417 0.188889 0.012500 0.037037
