0.0 0.108333 0.364815 0.020833 0.046296
0.0 0.943490 0.106481 0.011979 0.033333
0.0 0.132292 0.375000 0.017708 0.053704
1.0 0.382812 0.382870 0.053125 0.106481
1.0 0.792188 0.397685 0.067708 0.075000
1.0 0.214062 0.244907 0.039583 0.071296
1.0 0.513021 0.360185 0.115625 0.114815
1.0 0.879167 0.346296 0.079167 0.079630
1.0 0.380990 0.214815 0.044271 0.079630
1.0 0.538021 0.474074 0.078125 0.092593
1.0 0.761719 0.335185 0.079687 0.070370
2.0 0.415365 0.293056 0.016146 0.039815
2.0 0.214583 0.156019 0.012500 0.039815
3.0 0.321615 0.416204 0.074479 0.152778
3.0 0.915885 0.237963 0.092188 0.096296
