0.0 0.429688 0.280093 0.018750 0.039815
0.0 0.228385 0.188889 0.013021 0.044444
0.0 0.411719 0.255093 0.009896 0.047222
1.0 0.334115 0.476389 0.095313 0.093519
1.0 0.642188 0.312037 0.047917 0.092593
1.0 0.433594 0.381481 0.066146 0.066667
1.0 0.129688 0.275463 0.069792 0.067593
1.0 0.769792 0.330093 0.039583 0.075000
1.0 0.584896 0.460185 0.072917 0.157407
1.0 0.792188 0.216667 0.037500 0.070370
1.0 0.576042 0.297685 0.063542 0.093519
1.0 0.102344 0.334722 0.064062 0.069444
1.0 0.709115 0.303241 0.059896 0.112037
1.0 0.679688 0.207870 0.040625 0.073148
2.0 0.065365 0.237037 0.023438 0.038889
