0.0 0.073177 0.233333 0.015104 0.046296
0.0 0.577344 0.256944 0.013021 0.045370
0.0 0.695052 0.391204 0.013021 0.050926
0.0 0.674479 0.411111 0.008333 0.033333
0.0 0.894271 0.137037 0.012500 0.042593
0.0 0.297396 0.338889 0.012500 0.050000
0.0 0.098958 0.296296 0.008333 0.029630
0.0 0.059375 0.078704 0.010417 0.037037
1.0 0.350260 0.150000 0.039062 0.062963
1.0 0.231250 0.333796 0.044792 0.086111
2.0 0.281510 0.540741 0.023438 0.059259
2.0 0.308073 0.180556 0.011979 0.037037
3.0 0.412500 0.570833 0.126042 0.178704
