0.0 0.177001 0.275489 0.010975 0.034988
0.0 0.583885 0.308290 0.008623 0.036446
0.0 0.626417 0.389566 0.011368 0.040091
0.0 0.615833 0.404875 0.005879 0.025512
0.0 0.782428 0.223734 0.010584 0.033531
0.0 0.345360 0.368427 0.008231 0.040091
0.0 0.190525 0.316309 0.011368 0.018952
0.0 0.163673 0.182914 0.009408 0.032073
1.0 0.387303 0.224463 0.029399 0.049567
1.0 0.309101 0.431480 0.037631 0.080183
2.0 0.383775 0.598406 0.023127 0.048109
2.0 0.355552 0.248519 0.009016 0.029157
3.0 0.503724 0.610069 0.114853 0.141413
