0.0 0.729948 0.360185 0.002604 0.005556
0.0 0.535677 0.317593 0.007812 0.040741
0.0 0.319010 0.544907 0.009896 0.047222
0.0 0.367448 0.488889 0.005729 0.029630
0.0 0.661979 0.382407 0.007292 0.044444
0.0 0.695312 0.405556 0.012500 0.042593
1.0 0.580990 0.217593 0.023438 0.057407
1.0 0.519271 0.666204 0.040625 0.162037
1.0 0.679688 0.170370 0.018750 0.044444
2.0 0.657031 0.355093 0.009896 0.039815
2.0 0.606250 0.245370 0.007292 0.033333
3.0 0.627865 0.292130 0.033854 0.099074
3.0 0.603125 0.757407 0.085417 0.337037
