0.0 0.592187 0.289815 0.006250 0.050000
0.0 0.733333 0.207407 0.010417 0.044444
0.0 0.826302 0.538889 0.029687 0.037037
0.0 0.411458 0.085185 0.008333 0.037037
0.0 0.798437 0.587963 0.020833 0.062963
0.0 0.871615 0.145833 0.010937 0.041667
0.0 0.747396 0.221759 0.013542 0.045370
1.0 0.375260 0.204167 0.045312 0.078704
1.0 0.232812 0.094907 0.041667 0.069444
1.0 0.177344 0.056481 0.027604 0.042593
1.0 0.260677 0.483333 0.070312 0.159259
1.0 0.565104 0.465278 0.095833 0.106481
1.0 0.301562 0.724537 0.040625 0.095370
2.0 0.329688 0.241667 0.013542 0.040741
