0.0 0.448177 0.290741 0.004687 0.048148
0.0 0.380469 0.219907 0.004688 0.045370
0.0 0.292708 0.582407 0.017708 0.037037
0.0 0.554427 0.073611 0.004687 0.036111
0.0 0.309896 0.635648 0.012500 0.062037
0.0 0.279948 0.140741 0.007812 0.038889
1.0 0.580729 0.163889 0.023958 0.070370
1.0 0.644010 0.140278 0.025521 0.076852
1.0 0.677865 0.095833 0.017187 0.047222
1.0 0.620573 0.613889 0.046354 0.200000
1.0 0.500260 0.573611 0.046354 0.150926
1.0 0.588542 0.962963 0.029167 0.048148
2.0 0.604948 0.197685 0.006771 0.037963
