0.0 0.203385 0.249537 0.010938 0.026852
0.0 0.177865 0.237963 0.011979 0.033333
0.0 0.355208 0.312500 0.012500 0.028704
1.0 0.716667 0.080556 0.019792 0.033333
1.0 0.194792 0.617593 0.091667 0.100000
1.0 0.086198 0.149537 0.038021 0.039815
1.0 0.266667 0.392593 0.064583 0.062963
1.0 0.692187 0.169444 0.025000 0.044444
1.0 0.732292 0.165741 0.021875 0.037037
1.0 0.690365 0.050926 0.015104 0.031481
1.0 0.121094 0.084722 0.039062 0.037963
1.0 0.143490 0.094444 0.045312 0.033333
1.0 0.158594 0.338889 0.066146 0.050000
1.0 0.682031 0.118056 0.008854 0.054630
1.0 0.759115 0.233796 0.028646 0.049074
