0.0 0.349740 0.335648 0.019271 0.041667
0.0 0.164062 0.618056 0.026042 0.063889
0.0 0.067708 0.683796 0.030208 0.065741
0.0 0.073438 0.771759 0.029167 0.067593
0.0 0.299219 0.221759 0.008854 0.045370
0.0 0.321094 0.230556 0.009896 0.046296
1.0 0.188542 0.387500 0.085417 0.078704
1.0 0.364062 0.481944 0.096875 0.084259
1.0 0.213542 0.320833 0.060417 0.063889
1.0 0.129688 0.275463 0.069792 0.067593
1.0 0.812240 0.112500 0.028646 0.047222
1.0 0.824740 0.050000 0.027604 0.044444
1.0 0.371615 0.385185 0.085938 0.075926
1.0 0.102344 0.334722 0.064062 0.069444
1.0 0.766667 0.097222 0.041667 0.068519
1.0 0.582812 0.413426 0.086458 0.099074
2.0 0.065365 0.237037 0.023438 0.038889
