0.0 0.322135 0.299074 0.011979 0.027778
0.0 0.081510 0.193519 0.009896 0.031481
0.0 0.597396 0.139815 0.008333 0.025926
0.0 0.491667 0.335185 0.011458 0.031481
1.0 0.085938 0.542593 0.085417 0.087037
1.0 0.639062 0.343056 0.039583 0.076852
1.0 0.769792 0.166667 0.026042 0.040741
1.0 0.594271 0.328241 0.040625 0.075000
1.0 0.719010 0.493981 0.036979 0.076852
1.0 0.121094 0.084722 0.039062 0.037963
1.0 0.143490 0.094444 0.045312 0.033333
1.0 0.444792 0.487963 0.082292 0.077778
1.0 0.691667 0.674074 0.052083 0.131481
