0.0 0.358165 0.425529 0.020339 0.023419
0.0 0.206429 0.485012 0.016592 0.026229
0.0 0.213387 0.503045 0.016592 0.028571
0.0 0.231584 0.516159 0.020874 0.029507
0.0 0.406068 0.375881 0.009099 0.023419
0.0 0.227837 0.344500 0.013381 0.022482
1.0 0.179935 0.443327 0.087777 0.039344
1.0 0.290191 0.476816 0.089918 0.043559
1.0 0.205626 0.409838 0.062087 0.032318
1.0 0.119722 0.386653 0.072255 0.033723
1.0 0.298220 0.434896 0.082424 0.042154
1.0 0.091622 0.416629 0.065298 0.034660
1.0 0.442196 0.493911 0.112397 0.039344
2.0 0.053354 0.367216 0.024086 0.019203
