0.0 0.534361 0.248564 0.015787 0.038682
0.0 0.193768 0.123864 0.009751 0.045808
0.0 0.495589 0.233295 0.005108 0.052934
1.0 0.688986 0.081110 0.029717 0.064131
1.0 0.620031 0.148805 0.031111 0.069221
1.0 0.170087 0.253654 0.062685 0.073293
1.0 0.648821 0.893440 0.061757 0.192394
1.0 0.666233 0.149822 0.041791 0.103831
1.0 0.758405 0.203266 0.042255 0.092634
1.0 0.698969 0.579400 0.054327 0.166945
1.0 0.643713 0.081619 0.034825 0.073293
1.0 0.373932 0.498982 0.064543 0.097724
1.0 0.561757 0.832873 0.102154 0.299279
1.0 0.706863 0.024522 0.026467 0.049045
2.0 0.112510 0.211409 0.020896 0.041736
