0.0 0.635717 0.242344 0.021065 0.060399
0.0 0.931827 0.760869 0.031898 0.089955
0.0 0.758494 0.098416 0.013842 0.057828
0.0 0.681759 0.141467 0.012037 0.064253
1.0 0.838841 0.359928 0.099907 0.110516
1.0 0.507824 0.463375 0.111944 0.122081
1.0 0.783470 0.284751 0.072222 0.091240
1.0 0.927614 0.189014 0.081249 0.092525
1.0 0.154539 0.056652 0.037315 0.077105
1.0 0.549351 0.877864 0.131203 0.244271
1.0 0.546342 0.327158 0.096295 0.114370
1.0 0.959211 0.271258 0.073426 0.095096
1.0 0.212617 0.043746 0.054768 0.087493
1.0 0.348634 0.284108 0.065602 0.136217
2.0 0.994350 0.135683 0.011299 0.052688
