0.0 0.270833 0.464352 0.012500 0.047222
0.0 0.253906 0.390741 0.014063 0.046296
0.0 0.760417 0.578241 0.020833 0.047222
0.0 0.248698 0.292593 0.010937 0.046296
0.0 0.850521 0.851389 0.025000 0.045370
1.0 0.478646 0.212037 0.030208 0.092593
1.0 0.485938 0.361574 0.034375 0.104630
1.0 0.426823 0.610648 0.040104 0.119444
1.0 0.527083 0.171296 0.032292 0.087037
1.0 0.617448 0.621296 0.076563 0.124074
3.0 0.583073 0.138889 0.076563 0.224074
3.0 0.427083 0.274074 0.041667 0.122222
3.0 0.499740 0.583333 0.048438 0.212963
