0.0 0.071875 0.137963 0.014583 0.035185
0.0 0.791667 0.181944 0.009375 0.045370
0.0 0.465885 0.273148 0.013021 0.046296
0.0 0.782552 0.184722 0.009896 0.045370
0.0 0.053125 0.196759 0.015625 0.043519
0.0 0.065365 0.167593 0.016146 0.025926
1.0 0.346615 0.135185 0.051562 0.090741
1.0 0.826563 0.379630 0.081250 0.083333
1.0 0.414583 0.583796 0.092708 0.112037
1.0 0.689323 0.691667 0.130729 0.096296
1.0 0.305729 0.161111 0.035417 0.072222
1.0 0.864583 0.918056 0.076042 0.162037
2.0 0.323698 0.087500 0.009896 0.017593
3.0 0.916406 0.238426 0.092188 0.097222
