0.0 0.790365 0.569907 0.016146 0.041667
0.0 0.767708 0.719907 0.016667 0.041667
0.0 0.084635 0.691204 0.022396 0.049074
0.0 0.569792 0.718056 0.014583 0.045370
0.0 0.464844 0.651389 0.014062 0.039815
1.0 0.184115 0.218056 0.045312 0.043519
1.0 0.091667 0.925000 0.122917 0.146296
1.0 0.697396 0.380556 0.008333 0.027778
1.0 0.843490 0.632407 0.095313 0.088889
1.0 0.854167 0.450463 0.004167 0.030556
1.0 0.628385 0.510648 0.074479 0.069444
3.0 0.774740 0.419907 0.173438 0.162037
3.0 0.815365 0.537963 0.110938 0.105556
