0.0 0.793490 0.671759 0.018229 0.039815
0.0 0.804688 0.541667 0.014583 0.040741
0.0 0.262240 0.332407 0.013021 0.042593
0.0 0.766146 0.593519 0.018750 0.046296
0.0 0.132812 0.711111 0.021875 0.044444
0.0 0.250260 0.394907 0.014062 0.023148
0.0 0.649740 0.472685 0.014062 0.043519
1.0 0.914323 0.781019 0.116146 0.097222
1.0 0.434115 0.315741 0.016146 0.079630
1.0 0.530208 0.218981 0.031250 0.078704
1.0 0.363542 0.452315 0.038542 0.123148
3.0 0.582812 0.211574 0.077083 0.078704
3.0 0.474740 0.115741 0.032813 0.122222
