0 0.898177 0.343519 0.006771 0.020370
0 0.580469 0.294444 0.007812 0.048148
0 0.173958 0.578241 0.021875 0.060185
0 0.282813 0.468519 0.009375 0.033333
0 0.780990 0.362500 0.011979 0.052778
0 0.817969 0.390278 0.020313 0.049074
1 0.630208 0.193981 0.042708 0.069444
1 0.510417 0.599074 0.085417 0.159259
1 0.816667 0.090278 0.031250 0.049074
2 0.780990 0.287037 0.015104 0.044444
2 0.675260 0.227315 0.013021 0.039815
2 0.475521 0.877315 0.023958 0.110185
3 0.732552 0.219907 0.055729 0.108333
3 0.701302 0.696296 0.132812 0.357407