0.0 0.408073 0.290278 0.005729 0.049074
0.0 0.257552 0.204167 0.009896 0.045370
0.0 0.186979 0.527778 0.029167 0.037037
0.0 0.585156 0.088889 0.007812 0.033333
0.0 0.211198 0.564352 0.017188 0.060185
0.0 0.137760 0.150000 0.014063 0.040741
0.0 0.243750 0.217130 0.011458 0.045370
1.0 0.055469 0.052778 0.057813 0.040741
1.0 0.620573 0.213426 0.046354 0.080556
1.0 0.769792 0.086574 0.040625 0.067593
1.0 0.648177 0.932870 0.078646 0.132407
1.0 0.743490 0.459722 0.070312 0.152778
1.0 0.419271 0.448611 0.092708 0.102778
1.0 0.704167 0.688426 0.041667 0.089815
2.0 0.666667 0.251852 0.013542 0.040741
