0.0 0.075781 0.200000 0.015104 0.040741
0.0 0.852865 0.151389 0.011979 0.043519
0.0 0.584115 0.286574 0.010938 0.047222
0.0 0.830990 0.161574 0.014062 0.043519
0.0 0.077344 0.249537 0.013021 0.032407
0.0 0.060937 0.110648 0.014583 0.025000
1.0 0.284115 0.109259 0.032813 0.055556
1.0 0.346615 0.134259 0.051562 0.090741
1.0 0.879167 0.346296 0.079167 0.079630
1.0 0.276563 0.256019 0.041667 0.067593
1.0 0.354167 0.499074 0.073958 0.122222
1.0 0.305208 0.160648 0.035417 0.071296
2.0 0.323438 0.087037 0.010417 0.018519
3.0 0.915885 0.237963 0.092188 0.096296
