0.0 0.879038 0.430620 0.017012 0.027963
0.0 0.628650 0.393424 0.012759 0.027435
0.0 0.075243 0.632429 0.029771 0.036933
0.0 0.289748 0.446184 0.006911 0.017938
0.0 0.789462 0.411890 0.007974 0.009497
0.0 0.731782 0.413473 0.015948 0.029546
1.0 0.560869 0.398963 0.069641 0.049067
1.0 0.694570 0.633484 0.075488 0.108687
1.0 0.317657 0.433521 0.095690 0.043264
2.0 0.804347 0.306896 0.013290 0.021104
2.0 0.612170 0.448558 0.019138 0.031129
2.0 0.344238 0.490503 0.037212 0.033767
3.0 0.773779 0.267062 0.044655 0.046957
3.0 0.750920 0.479423 0.105259 0.145619
