0.0 0.635417 0.350463 0.020833 0.041667
0.0 0.784896 0.508796 0.017708 0.058333
0.0 0.810417 0.550000 0.017708 0.059259
0.0 0.818490 0.614352 0.022396 0.063889
0.0 0.650260 0.243519 0.008854 0.044444
0.0 0.716667 0.212963 0.009375 0.044444
1.0 0.810937 0.387500 0.085417 0.078704
1.0 0.704167 0.454167 0.087500 0.086111
1.0 0.785937 0.320833 0.060417 0.063889
1.0 0.869792 0.275463 0.069792 0.067593
1.0 0.937760 0.707407 0.117188 0.153704
1.0 0.696094 0.370370 0.079688 0.083333
1.0 0.897135 0.334722 0.064063 0.069444
1.0 0.556250 0.487500 0.109375 0.078704
2.0 0.934115 0.237037 0.023438 0.038889
