0.0 0.315885 0.398611 0.010937 0.023148
0.0 0.056771 0.681944 0.028125 0.032407
0.0 0.672396 0.237037 0.002083 0.007407
0.0 0.328906 0.387500 0.019271 0.019444
1.0 0.717969 0.352778 0.044271 0.037037
1.0 0.268750 0.493519 0.076042 0.038889
1.0 0.748177 0.233796 0.023438 0.019444
1.0 0.759375 0.286574 0.029167 0.025000
1.0 0.028125 0.391204 0.056250 0.036111
1.0 0.771615 0.552315 0.056771 0.060185
1.0 0.481771 0.604167 0.094792 0.084259
1.0 0.687240 0.399074 0.047396 0.044444
1.0 0.801302 0.470833 0.032813 0.032407
1.0 0.015104 0.242593 0.030208 0.022222
1.0 0.665365 0.342593 0.038021 0.033333
1.0 0.714583 0.283333 0.035417 0.027778
1.0 0.740104 0.316667 0.040625 0.033333
1.0 0.630469 0.381481 0.057813 0.055556
