0.0 0.954427 0.323611 0.015104 0.026852
0.0 0.381510 0.349537 0.011979 0.028704
0.0 0.321615 0.412963 0.016146 0.031481
0.0 0.336458 0.425000 0.008333 0.020370
0.0 0.102083 0.283333 0.014583 0.025926
0.0 0.717448 0.396296 0.011979 0.031481
0.0 0.935417 0.355556 0.015625 0.014815
0.0 0.973177 0.251389 0.013021 0.025000
1.0 0.658333 0.283796 0.041667 0.037963
1.0 0.768490 0.445833 0.052604 0.062037
2.0 0.663281 0.576389 0.032813 0.037963
2.0 0.703125 0.302315 0.012500 0.023148
3.0 0.494531 0.585648 0.161979 0.110185
