0.0 0.573698 0.282407 0.008854 0.048148
0.0 0.695833 0.224074 0.009375 0.044444
0.0 0.893490 0.619444 0.035938 0.035185
0.0 0.399740 0.064352 0.007812 0.036111
0.0 0.861719 0.663889 0.028646 0.061111
0.0 0.903646 0.131019 0.012500 0.039815
0.0 0.712240 0.235648 0.011979 0.043519
1.0 0.350260 0.148148 0.041146 0.068519
1.0 0.254688 0.175926 0.047917 0.083333
1.0 0.190625 0.125926 0.031250 0.051852
1.0 0.311719 0.747222 0.094271 0.250000
1.0 0.464583 0.700463 0.071875 0.191667
2.0 0.308594 0.181481 0.011979 0.037037
