0.0 0.365104 0.350463 0.017708 0.041667
0.0 0.214062 0.508333 0.017708 0.055556
0.0 0.188021 0.550463 0.016667 0.056481
0.0 0.177865 0.612963 0.020313 0.057407
0.0 0.284896 0.201852 0.009375 0.018519
1.0 0.188542 0.387500 0.085417 0.078704
1.0 0.295312 0.454167 0.087500 0.086111
1.0 0.129688 0.275463 0.069792 0.067593
1.0 0.055208 0.698148 0.110417 0.151852
1.0 0.303646 0.397222 0.080208 0.029630
1.0 0.102344 0.334722 0.064062 0.069444
1.0 0.443229 0.487500 0.109375 0.078704
2.0 0.065365 0.237037 0.023438 0.038889
