0.0 0.263652 0.986850 0.015584 0.026300
0.0 0.375680 0.485564 0.007618 0.052395
0.0 0.671590 0.189902 0.007272 0.051326
0.0 0.401825 0.468455 0.010042 0.048119
0.0 0.728209 0.516040 0.011082 0.057742
0.0 0.613759 0.473802 0.009350 0.048119
0.0 0.477317 0.464178 0.004502 0.048119
1.0 0.518181 0.036674 0.016969 0.073349
1.0 0.548655 0.020635 0.016276 0.041270
1.0 0.479569 0.176536 0.020778 0.090891
1.0 0.581380 0.105428 0.019393 0.089822
3.0 0.444766 0.106179 0.050906 0.212358
3.0 0.514198 0.140715 0.022856 0.156118
