0.0 0.132292 0.245370 0.009375 0.035185
0.0 0.831510 0.234259 0.010938 0.025926
0.0 0.759635 0.266204 0.010938 0.036111
0.0 0.738021 0.275000 0.012500 0.027778
1.0 0.362240 0.541667 0.066146 0.101852
1.0 0.280990 0.062037 0.015104 0.031481
1.0 0.839844 0.096759 0.026563 0.021296
1.0 0.839063 0.084259 0.020833 0.009259
1.0 0.764062 0.376852 0.063542 0.062963
1.0 0.908594 0.103704 0.043229 0.040741
1.0 0.292969 0.110648 0.025521 0.015741
1.0 0.885938 0.112963 0.045833 0.037037
1.0 0.840885 0.338889 0.066146 0.050000
1.0 0.222135 0.079167 0.019271 0.030556
2.0 0.898438 0.547685 0.034375 0.043519
