0.0 0.590932 0.283623 0.009704 0.064783
0.0 0.684838 0.577741 0.011582 0.082923
0.0 0.727565 0.667789 0.017529 0.086810
0.0 0.726783 0.785696 0.016590 0.094584
0.0 0.615661 0.128143 0.006573 0.062191
0.0 0.611278 0.121017 0.005321 0.066079
1.0 0.687185 0.343224 0.051335 0.108836
1.0 0.622704 0.435865 0.052587 0.120497
1.0 0.672160 0.250583 0.036310 0.089401
1.0 0.722400 0.186448 0.042257 0.093289
1.0 0.616599 0.321845 0.048518 0.115314
1.0 0.738834 0.269371 0.038189 0.095880
1.0 0.486227 0.444934 0.061978 0.133453
2.0 0.761214 0.132678 0.014086 0.053122
