0.0 0.208692 0.388293 0.008405 0.029200
0.0 0.852357 0.277264 0.008405 0.017656
0.0 0.649968 0.354000 0.008848 0.025805
0.0 0.399358 0.203585 0.005751 0.011544
0.0 0.655939 0.351283 0.011945 0.023088
1.0 0.340964 0.273190 0.024331 0.035312
1.0 0.498452 0.656526 0.045565 0.083526
1.0 0.313758 0.296278 0.025658 0.035312
1.0 0.321057 0.213431 0.016368 0.025805
1.0 0.724288 0.409684 0.053971 0.046177
1.0 0.355120 0.312576 0.025215 0.040745
1.0 0.346494 0.696592 0.030082 0.060437
1.0 0.813206 0.193399 0.033621 0.023767
1.0 0.315748 0.192041 0.015483 0.025125
1.0 0.371046 0.264023 0.019908 0.033274
1.0 0.340522 0.190343 0.017253 0.024446
1.0 0.330126 0.240934 0.023004 0.031917
1.0 0.789980 0.381842 0.056183 0.036670
1.0 0.387414 0.296278 0.030524 0.052967
2.0 0.838422 0.535312 0.029197 0.031238
