0.0 0.637838 0.330195 0.012635 0.050851
0.0 0.851486 0.176280 0.012635 0.042679
0.0 0.737483 0.396482 0.016655 0.030873
0.0 0.382263 0.064136 0.009189 0.036322
0.0 0.689527 0.397844 0.012635 0.053575
0.0 0.860388 0.174464 0.013209 0.042679
0.0 0.910642 0.162660 0.014933 0.042679
1.0 0.815016 0.328833 0.083277 0.073552
1.0 0.254477 0.096826 0.021250 0.036322
1.0 0.178092 0.220775 0.040777 0.064472
1.0 0.147078 0.076395 0.041926 0.064472
1.0 0.954864 0.259367 0.083852 0.058115
1.0 0.160001 0.146314 0.024122 0.040863
