0.0 0.515625 0.275000 0.022917 0.033333
0.0 0.064583 0.177778 0.015625 0.040741
0.0 0.464844 0.263889 0.015104 0.044444
1.0 0.468750 0.892130 0.079167 0.176852
1.0 0.765625 0.168981 0.048958 0.062037
1.0 0.653125 0.236574 0.051042 0.065741
1.0 0.025521 0.283796 0.051042 0.063889
1.0 0.774740 0.655093 0.076562 0.126852
1.0 0.726562 0.237500 0.068750 0.099074
1.0 0.903385 0.182407 0.057812 0.070370
1.0 0.831250 0.448611 0.069792 0.115741
1.0 0.693490 0.169444 0.056771 0.070370
1.0 0.191927 0.438426 0.091146 0.075000
1.0 0.662500 0.612500 0.122917 0.195370
1.0 0.795052 0.110648 0.043229 0.052778
