0.0 0.409375 0.361574 0.013542 0.041667
0.0 0.311979 0.482407 0.011458 0.053704
0.0 0.313281 0.511111 0.009896 0.055556
0.0 0.322396 0.537500 0.013542 0.054630
0.0 0.430208 0.269907 0.005208 0.043519
0.0 0.332813 0.215741 0.007292 0.042593
1.0 0.294792 0.394907 0.056250 0.073148
1.0 0.365365 0.456944 0.057812 0.080556
1.0 0.311198 0.332870 0.040104 0.060185
1.0 0.256250 0.290278 0.045833 0.062037
1.0 0.304948 0.876852 0.072396 0.177778
1.0 0.370573 0.379630 0.052604 0.077778
1.0 0.238281 0.345833 0.042188 0.063889
1.0 0.462760 0.488426 0.072396 0.073148
2.0 0.219010 0.254167 0.004687 0.036111
