0.0 0.865885 0.175926 0.006771 0.018519
0.0 0.197917 0.245370 0.010417 0.024074
0.0 0.185937 0.243519 0.009375 0.035185
0.0 0.574740 0.179630 0.007812 0.020370
0.0 0.334115 0.304167 0.014062 0.026852
1.0 0.710938 0.109259 0.022917 0.037037
1.0 0.289323 0.680093 0.099479 0.102778
1.0 0.136719 0.116204 0.031771 0.036111
1.0 0.235417 0.376852 0.063542 0.062963
1.0 0.680469 0.209259 0.027604 0.050000
1.0 0.740365 0.130093 0.020312 0.034259
1.0 0.687240 0.075926 0.017188 0.033333
1.0 0.121094 0.084722 0.039062 0.037963
1.0 0.143490 0.090741 0.045312 0.024074
1.0 0.158594 0.338889 0.066146 0.050000
1.0 0.659115 0.151852 0.029687 0.061111
1.0 0.765885 0.189352 0.025521 0.043519
