0.0 0.070573 0.135185 0.015104 0.035185
0.0 0.787240 0.181481 0.010938 0.044444
0.0 0.460938 0.274074 0.007292 0.046296
0.0 0.780469 0.186111 0.010937 0.044444
0.0 0.052344 0.194907 0.013021 0.045370
0.0 0.065365 0.170370 0.016146 0.025926
1.0 0.346615 0.134259 0.051562 0.090741
1.0 0.821615 0.381019 0.081771 0.084259
1.0 0.423958 0.592593 0.093750 0.112963
1.0 0.700521 0.693056 0.131250 0.099074
1.0 0.305208 0.160648 0.035417 0.071296
1.0 0.863542 0.911574 0.077083 0.173148
2.0 0.323438 0.087037 0.010417 0.018519
3.0 0.915885 0.237963 0.092188 0.096296
