0.0 0.926562 0.237037 0.017708 0.040741
0.0 0.112500 0.138426 0.013542 0.041667
0.0 0.358594 0.349537 0.010937 0.052778
0.0 0.124740 0.143056 0.014063 0.041667
1.0 0.715365 0.109722 0.032813 0.056481
1.0 0.477604 0.901852 0.055208 0.183333
1.0 0.653385 0.135185 0.051562 0.090741
1.0 0.120573 0.347222 0.078646 0.079630
1.0 0.758073 0.128704 0.033854 0.050000
1.0 0.714583 0.286574 0.044792 0.082407
1.0 0.694271 0.161111 0.035417 0.072222
2.0 0.676302 0.087500 0.009896 0.017593
3.0 0.083594 0.238426 0.092188 0.097222
