0.0 0.842969 0.347685 0.009896 0.039815
0.0 0.085156 0.196296 0.009896 0.024074
0.0 0.323437 0.300926 0.010417 0.035185
0.0 0.618490 0.095833 0.006771 0.015741
0.0 0.316406 0.297222 0.014063 0.031481
1.0 0.687240 0.190741 0.028646 0.048148
1.0 0.501823 0.713426 0.053646 0.113889
1.0 0.719271 0.222222 0.030208 0.048148
1.0 0.710677 0.109259 0.019271 0.035185
1.0 0.235937 0.376852 0.063542 0.062963
1.0 0.670573 0.244444 0.029687 0.055556
1.0 0.680729 0.768056 0.035417 0.082407
1.0 0.131250 0.081944 0.039583 0.032407
1.0 0.716927 0.080093 0.018229 0.034259
1.0 0.651823 0.178241 0.023438 0.045370
1.0 0.687760 0.077778 0.020313 0.033333
1.0 0.700000 0.146759 0.027083 0.043519
1.0 0.158594 0.338889 0.066146 0.050000
1.0 0.632552 0.222222 0.035937 0.072222
2.0 0.101562 0.548148 0.034375 0.042593
