0.0 0.938550 0.304497 0.017094 0.029039
0.0 0.108190 0.236966 0.012286 0.030389
0.0 0.362720 0.380132 0.009615 0.035791
0.0 0.121009 0.241018 0.012286 0.030389
0.0 0.948433 0.196785 0.010149 0.012156
1.0 0.720878 0.215356 0.033653 0.041194
1.0 0.657311 0.233927 0.052882 0.066181
1.0 0.110860 0.388573 0.080659 0.058077
1.0 0.760673 0.241355 0.036324 0.037818
1.0 0.712598 0.364262 0.048075 0.064830
1.0 0.699244 0.252836 0.036324 0.052674
2.0 0.680815 0.199149 0.010149 0.012831
3.0 0.072935 0.309225 0.094548 0.070908
