0.0 0.129427 0.386111 0.025521 0.040741
0.0 0.147917 0.386574 0.020833 0.049074
1.0 0.445052 0.556481 0.068229 0.144444
1.0 0.792708 0.398611 0.067708 0.075000
1.0 0.196615 0.157870 0.034896 0.058333
1.0 0.627865 0.378704 0.119271 0.096296
1.0 0.879427 0.347222 0.078646 0.079630
1.0 0.411979 0.279167 0.057292 0.087963
1.0 0.639844 0.479167 0.081771 0.087963
1.0 0.824479 0.301852 0.077083 0.066667
2.0 0.482552 0.353241 0.026562 0.041667
2.0 0.225260 0.082407 0.010937 0.035185
3.0 0.284375 0.280093 0.061458 0.121296
3.0 0.916406 0.238426 0.092188 0.097222
