0.0 0.628968 0.389041 0.010450 0.020090
0.0 0.614669 0.704399 0.015949 0.022892
0.0 0.162868 0.318027 0.011000 0.019155
1.0 0.639967 0.455149 0.079746 0.030835
1.0 0.910002 0.449309 0.077546 0.030368
1.0 0.275338 0.508877 0.052247 0.067276
1.0 0.346283 0.291396 0.029148 0.029433
1.0 0.562697 0.493926 0.090195 0.034573
1.0 0.930077 0.485049 0.097894 0.033638
1.0 0.448303 0.433891 0.079196 0.040646
1.0 0.305861 0.407962 0.054997 0.063539
2.0 0.809909 0.448842 0.039048 0.018221
2.0 0.814033 0.486685 0.032998 0.015418
