0.0 0.363281 0.351852 0.020313 0.042593
0.0 0.211719 0.515741 0.016146 0.059259
0.0 0.177865 0.569907 0.024479 0.060185
0.0 0.167187 0.635648 0.021875 0.065741
0.0 0.341927 0.240741 0.013021 0.046296
0.0 0.292708 0.218056 0.011458 0.045370
1.0 0.188542 0.387963 0.085417 0.077778
1.0 0.295833 0.454167 0.087500 0.086111
1.0 0.213542 0.321759 0.060417 0.063889
1.0 0.129948 0.275926 0.070312 0.066667
1.0 0.303646 0.371296 0.080208 0.083333
1.0 0.102604 0.335185 0.063542 0.068519
1.0 0.450521 0.486574 0.109375 0.076852
2.0 0.065365 0.237500 0.023438 0.037963
