0.0 0.399479 0.262963 0.019792 0.046296
0.0 0.067708 0.792130 0.031250 0.078704
0.0 0.242708 0.162037 0.010417 0.050000
0.0 0.368229 0.239352 0.012500 0.017593
1.0 0.242448 0.416204 0.093229 0.093519
1.0 0.584896 0.403704 0.082292 0.111111
1.0 0.313281 0.361111 0.068229 0.075926
1.0 0.116667 0.247685 0.072917 0.075000
1.0 0.797917 0.204630 0.036458 0.068519
1.0 0.522917 0.650463 0.094792 0.232407
1.0 0.816927 0.102315 0.034896 0.063889
1.0 0.516406 0.331944 0.082813 0.100926
1.0 0.088281 0.313889 0.066146 0.077778
1.0 0.741406 0.180093 0.053646 0.104630
1.0 0.660156 0.251852 0.048437 0.096296
2.0 0.049740 0.203704 0.024479 0.042593
