0.0 0.636198 0.351389 0.021354 0.041667
0.0 0.784375 0.491204 0.016667 0.056481
0.0 0.788542 0.518519 0.017708 0.055556
0.0 0.790625 0.566667 0.018750 0.061111
0.0 0.627083 0.255093 0.010417 0.043519
0.0 0.738021 0.204167 0.009375 0.045370
1.0 0.811458 0.387963 0.085417 0.077778
1.0 0.704167 0.454167 0.087500 0.086111
1.0 0.786458 0.321759 0.060417 0.063889
1.0 0.870052 0.275926 0.070312 0.066667
1.0 0.849740 0.804167 0.117188 0.189815
1.0 0.696354 0.371296 0.080208 0.083333
1.0 0.897396 0.335185 0.063542 0.068519
1.0 0.556250 0.487963 0.109375 0.077778
2.0 0.934635 0.237500 0.023438 0.037963
