0.0 0.416927 0.411111 0.006771 0.025926
0.0 0.290365 0.329630 0.007812 0.022222
0.0 0.358073 0.445370 0.009896 0.016667
0.0 0.570052 0.268981 0.004687 0.019444
0.0 0.388021 0.445370 0.008333 0.027778
0.0 0.284375 0.328704 0.007292 0.022222
0.0 0.253646 0.321296 0.008333 0.022222
1.0 0.308854 0.408796 0.048958 0.037963
1.0 0.645573 0.290278 0.013021 0.019444
1.0 0.692708 0.350000 0.023958 0.033333
1.0 0.710938 0.275000 0.025000 0.033333
1.0 0.228125 0.373148 0.050000 0.029630
1.0 0.703385 0.311574 0.014062 0.021296
