0.0 0.900260 0.288426 0.014063 0.037963
0.0 0.069531 0.116667 0.013021 0.040741
0.0 0.254167 0.441204 0.019792 0.049074
0.0 0.083333 0.123148 0.012500 0.042593
0.0 0.870833 0.366667 0.014583 0.051852
1.0 0.693750 0.168056 0.037500 0.065741
1.0 0.341146 0.484259 0.068750 0.087037
1.0 0.717187 0.595370 0.062500 0.142593
1.0 0.621615 0.205556 0.059896 0.105556
1.0 0.120312 0.346296 0.079167 0.079630
1.0 0.671615 0.094444 0.034896 0.061111
1.0 0.775260 0.105556 0.032812 0.051852
1.0 0.666406 0.236574 0.040104 0.082407
1.0 0.509115 0.588426 0.080729 0.143519
2.0 0.651042 0.146296 0.010417 0.025926
2.0 0.754167 0.419444 0.017708 0.057407
3.0 0.517969 0.925463 0.113021 0.145370
3.0 0.083594 0.237963 0.092188 0.096296
