0.0 0.859115 0.307407 0.011979 0.037037
0.0 0.117448 0.206019 0.009896 0.025000
0.0 0.286198 0.286111 0.009896 0.037037
0.0 0.607812 0.114352 0.007292 0.019444
0.0 0.274740 0.279630 0.015104 0.031481
1.0 0.687240 0.190741 0.028646 0.048148
1.0 0.700521 0.304630 0.035417 0.061111
1.0 0.710417 0.108333 0.019792 0.035185
1.0 0.235417 0.376852 0.063542 0.062963
1.0 0.670313 0.243519 0.029167 0.055556
1.0 0.718490 0.058333 0.017188 0.031481
1.0 0.651563 0.178241 0.023958 0.045370
1.0 0.699740 0.145833 0.026563 0.043519
1.0 0.158594 0.338889 0.066146 0.050000
1.0 0.632292 0.221296 0.035417 0.072222
2.0 0.101042 0.547685 0.034375 0.043519
