0.0 0.216667 0.629167 0.017708 0.049074
0.0 0.139063 0.543981 0.023958 0.039815
0.0 0.735156 0.390278 0.013021 0.047222
0.0 0.191406 0.692130 0.016146 0.052778
0.0 0.897135 0.860648 0.024479 0.045370
0.0 0.741667 0.342593 0.012500 0.042593
0.0 0.287500 0.499537 0.011458 0.045370
1.0 0.289583 0.727315 0.107292 0.132407
1.0 0.572396 0.513889 0.036458 0.105556
1.0 0.472396 0.188889 0.030208 0.075926
1.0 0.492969 0.756481 0.046354 0.172222
1.0 0.648177 0.704167 0.047396 0.171296
3.0 0.416927 0.138889 0.076563 0.224074
