0.0 0.276177 0.417416 0.010658 0.026023
0.0 0.750025 0.275879 0.007402 0.020181
0.0 0.291424 0.428568 0.009770 0.030272
1.0 0.427169 0.414760 0.029014 0.056827
1.0 0.666387 0.441845 0.038488 0.043018
1.0 0.340126 0.368289 0.023685 0.043550
1.0 0.496151 0.414760 0.064542 0.067449
1.0 0.715681 0.412370 0.044705 0.045674
1.0 0.429685 0.329520 0.024573 0.044612
1.0 0.505477 0.481146 0.044705 0.057889
1.0 0.635448 0.413167 0.046482 0.041956
2.0 0.447301 0.373069 0.008882 0.022306
2.0 0.336426 0.314915 0.007402 0.023899
3.0 0.404668 0.474508 0.044409 0.093472
3.0 0.736702 0.349967 0.052403 0.055764
