0.0 0.859115 0.375926 0.013021 0.035185
0.0 0.621875 0.748148 0.007292 0.025926
0.0 0.260156 0.460185 0.010937 0.038889
0.0 0.352344 0.551852 0.008854 0.042593
0.0 0.314844 0.078704 0.006771 0.025926
1.0 0.315625 0.704167 0.068750 0.112037
1.0 0.156771 0.134722 0.042708 0.036111
1.0 0.480208 0.917593 0.077083 0.162963
1.0 0.326042 0.553704 0.058333 0.101852
1.0 0.500521 0.654630 0.058333 0.111111
2.0 0.248698 0.173148 0.018229 0.025926
2.0 0.899219 0.667130 0.049479 0.037963
3.0 0.483594 0.445833 0.077604 0.099074
3.0 0.554427 0.710648 0.067187 0.139815
