0.0 0.766667 0.564815 0.017708 0.029630
0.0 0.871615 0.529167 0.018229 0.028704
0.0 0.271094 0.430093 0.013021 0.032407
0.0 0.803646 0.656019 0.017708 0.032407
0.0 0.103125 0.795833 0.026042 0.037963
0.0 0.264062 0.381019 0.012500 0.030556
0.0 0.723698 0.506481 0.016146 0.031481
1.0 0.654688 0.624074 0.095833 0.098148
1.0 0.429167 0.560185 0.037500 0.081481
1.0 0.523438 0.256019 0.028125 0.050926
1.0 0.501823 0.617593 0.042188 0.111111
1.0 0.351042 0.709259 0.050000 0.135185
3.0 0.580729 0.244907 0.075000 0.158333
