0.0 0.645573 0.292593 0.017188 0.053704
0.0 0.836979 0.665278 0.022917 0.082407
0.0 0.935417 0.742130 0.028125 0.075000
0.0 0.930208 0.857870 0.025000 0.082407
0.0 0.701302 0.143519 0.008854 0.057407
0.0 0.672656 0.159259 0.009896 0.057407
1.0 0.807813 0.356944 0.084375 0.099074
1.0 0.621875 0.480093 0.097917 0.102778
1.0 0.782813 0.273148 0.059375 0.081481
1.0 0.865365 0.214815 0.069271 0.085185
1.0 0.192969 0.025000 0.028646 0.050000
1.0 0.615104 0.354167 0.083333 0.093519
1.0 0.892448 0.289815 0.063021 0.087037
1.0 0.238802 0.022685 0.042187 0.045370
1.0 0.409115 0.379167 0.080729 0.128704
2.0 0.929427 0.165741 0.023438 0.048148
