0.0 0.069792 0.124537 0.013542 0.036111
0.0 0.787760 0.183333 0.010937 0.044444
0.0 0.431250 0.284722 0.007292 0.049074
0.0 0.777083 0.187963 0.011458 0.044444
0.0 0.050521 0.181019 0.012500 0.045370
0.0 0.060677 0.187963 0.018229 0.025926
1.0 0.346615 0.135185 0.051562 0.090741
1.0 0.767708 0.412500 0.084375 0.082407
1.0 0.524479 0.663426 0.110417 0.108333
1.0 0.786979 0.663426 0.121875 0.123148
1.0 0.305729 0.161111 0.035417 0.072222
1.0 0.881510 0.819907 0.081771 0.175000
2.0 0.323698 0.087500 0.009896 0.017593
3.0 0.916406 0.238426 0.092188 0.097222
