0.0 0.525000 0.270833 0.016667 0.036111
0.0 0.165625 0.161574 0.011458 0.041667
0.0 0.484635 0.257407 0.007812 0.046296
1.0 0.704948 0.138889 0.034896 0.061111
1.0 0.624479 0.203241 0.036458 0.065741
1.0 0.129948 0.275926 0.070312 0.066667
1.0 0.687500 0.751389 0.062500 0.150926
1.0 0.677865 0.204167 0.048438 0.099074
1.0 0.796094 0.199074 0.045312 0.077778
1.0 0.735938 0.506019 0.056250 0.134259
1.0 0.653125 0.137500 0.040625 0.069444
1.0 0.313802 0.464815 0.071354 0.081481
1.0 0.597656 0.702778 0.101562 0.233333
1.0 0.726042 0.080556 0.031250 0.051852
2.0 0.065365 0.237500 0.023438 0.037963
