0.0 0.571354 0.610648 0.013542 0.050926
0.0 0.482031 0.256944 0.009896 0.041667
1.0 0.283594 0.065278 0.018229 0.036111
1.0 0.233333 0.831944 0.093750 0.271296
1.0 0.263281 0.135185 0.029687 0.048148
1.0 0.769531 0.404630 0.069271 0.061111
1.0 0.353906 0.087037 0.027604 0.059259
1.0 0.660938 0.819444 0.135417 0.118519
1.0 0.636719 0.701852 0.111979 0.085185
1.0 0.890365 0.471296 0.092188 0.066667
2.0 0.660417 0.404167 0.036458 0.036111
2.0 0.466927 0.481019 0.030729 0.037963
3.0 0.304948 0.374074 0.050521 0.155556
