0.0 0.565365 0.381019 0.007812 0.026852
0.0 0.674479 0.348611 0.008333 0.025000
0.0 0.850000 0.565278 0.031250 0.019444
0.0 0.410938 0.261574 0.007292 0.019444
0.0 0.821615 0.588889 0.025521 0.033333
0.0 0.858854 0.298148 0.011458 0.022222
0.0 0.688542 0.355556 0.010417 0.024074
1.0 0.367188 0.306944 0.036458 0.037963
1.0 0.281771 0.322222 0.042708 0.046296
1.0 0.224479 0.294907 0.028125 0.028704
1.0 0.332031 0.635185 0.083854 0.137037
1.0 0.468750 0.609722 0.063542 0.104630
2.0 0.329427 0.325926 0.010937 0.020370
