0.0 0.659896 0.770370 0.010417 0.050000
0.0 0.557031 0.745370 0.010938 0.050000
0.0 0.397917 0.621759 0.010417 0.045370
0.0 0.353646 0.573611 0.007292 0.045370
0.0 0.605729 0.893056 0.014583 0.060185
0.0 0.750260 0.273148 0.008854 0.038889
1.0 0.475260 0.347222 0.043229 0.064815
1.0 0.423698 0.197685 0.004688 0.023148
1.0 0.700521 0.465278 0.054167 0.084259
1.0 0.250260 0.155093 0.020313 0.043519
1.0 0.417187 0.363426 0.019792 0.080556
1.0 0.469010 0.234722 0.030729 0.054630
3.0 0.383854 0.188426 0.084375 0.152778
3.0 0.379167 0.254167 0.047917 0.086111
