0.0 0.858854 0.361574 0.018750 0.058333
0.0 0.871354 0.267593 0.017708 0.053704
0.0 0.086719 0.617130 0.025521 0.054630
0.0 0.871094 0.172222 0.015104 0.051852
0.0 0.014063 0.751389 0.028125 0.060185
1.0 0.531510 0.118519 0.045312 0.055556
1.0 0.505208 0.583333 0.060417 0.170370
1.0 0.608594 0.365741 0.050521 0.101852
1.0 0.454948 0.139352 0.049479 0.110185
1.0 0.117188 0.819907 0.132292 0.136111
1.0 0.726302 0.850463 0.077604 0.217593
3.0 0.376042 0.097685 0.113542 0.195370
3.0 0.642708 0.059722 0.055208 0.119444
3.0 0.475521 0.911111 0.090625 0.177778
