0.0 0.824479 0.454630 0.012500 0.038889
0.0 0.657813 0.941204 0.009375 0.026852
0.0 0.308333 0.544907 0.012500 0.039815
0.0 0.056510 0.781481 0.025521 0.048148
0.0 0.390104 0.075463 0.003125 0.013889
1.0 0.495313 0.425463 0.053125 0.062037
1.0 0.281771 0.188889 0.043750 0.042593
1.0 0.480208 0.917593 0.077083 0.162963
1.0 0.272396 0.313426 0.053125 0.049074
1.0 0.426562 0.846296 0.072917 0.150000
2.0 0.365365 0.226852 0.020313 0.027778
2.0 0.899219 0.667130 0.049479 0.037963
3.0 0.764844 0.447685 0.085938 0.106481
3.0 0.554427 0.710648 0.067187 0.139815
