0.0 0.240300 0.332348 0.010548 0.053648
0.0 0.570674 0.626074 0.008017 0.061696
0.0 0.242831 0.373926 0.009704 0.056331
0.0 0.257599 0.526825 0.009704 0.061696
1.0 0.423630 0.260594 0.023629 0.057672
1.0 0.624471 0.149273 0.043881 0.071084
1.0 0.738393 0.107026 0.031223 0.059014
1.0 0.147263 0.664298 0.086074 0.130098
1.0 0.730586 0.961912 0.083121 0.076177
1.0 0.605273 0.644180 0.051897 0.148875
1.0 0.674681 0.050695 0.032911 0.059014
1.0 0.694723 0.089590 0.035020 0.059014
1.0 0.527426 0.163357 0.049788 0.099250
3.0 0.154858 0.746111 0.081011 0.154238
