0.0 0.796094 0.618981 0.014062 0.056481
0.0 0.244531 0.534722 0.015104 0.049074
0.0 0.783854 0.725463 0.013542 0.056481
0.0 0.695573 0.823611 0.016146 0.052778
1.0 0.641406 0.647222 0.065104 0.101852
1.0 0.254167 0.090278 0.021875 0.037963
1.0 0.389844 0.364352 0.025521 0.089815
1.0 0.251042 0.133333 0.046875 0.055556
1.0 0.351302 0.534259 0.048438 0.100000
1.0 0.291146 0.826852 0.078125 0.168519
1.0 0.512240 0.902315 0.067187 0.195370
1.0 0.153646 0.070370 0.011458 0.025926
1.0 0.187760 0.044444 0.048437 0.064815
3.0 0.902083 0.512037 0.156250 0.259259
3.0 0.352865 0.242130 0.064062 0.093519
