0.0 0.915365 0.255093 0.016146 0.023148
0.0 0.087240 0.125463 0.013021 0.041667
0.0 0.314844 0.412037 0.015104 0.055556
0.0 0.097917 0.130093 0.012500 0.041667
0.0 0.887240 0.331481 0.017188 0.050000
1.0 0.715365 0.109259 0.032813 0.055556
1.0 0.414323 0.601852 0.068229 0.050000
1.0 0.660417 0.889352 0.083333 0.219444
1.0 0.652083 0.137037 0.052083 0.090741
1.0 0.120312 0.346296 0.079167 0.079630
1.0 0.777865 0.057407 0.029687 0.040741
1.0 0.745313 0.164352 0.037500 0.037963
1.0 0.692969 0.155093 0.035937 0.056481
1.0 0.529167 0.897685 0.073958 0.200926
2.0 0.676042 0.088426 0.010417 0.019444
2.0 0.715885 0.618056 0.022396 0.073148
3.0 0.083594 0.237963 0.092188 0.096296
