0.0 0.071875 0.406944 0.019792 0.037963
0.0 0.340885 0.357870 0.014062 0.036111
0.0 0.992448 0.704167 0.015104 0.050926
0.0 0.737240 0.427778 0.007812 0.024074
0.0 0.172656 0.380093 0.007812 0.008333
0.0 0.253906 0.377315 0.016146 0.037963
1.0 0.454167 0.378241 0.086458 0.063889
1.0 0.276042 0.665278 0.083333 0.141667
1.0 0.753385 0.393981 0.103646 0.054630
2.0 0.164583 0.222685 0.014583 0.026852
2.0 0.394792 0.470833 0.023958 0.045370
2.0 0.727604 0.462500 0.041667 0.041667
3.0 0.184115 0.172222 0.048438 0.059259
3.0 0.215365 0.468519 0.118229 0.192593
