0 0.875521 0.378241 0.014583 0.050926
0 0.620573 0.312037 0.008854 0.050000
0 0.093490 0.708796 0.026562 0.060185
0 0.294010 0.405556 0.006771 0.031481
0 0.781510 0.350463 0.010937 0.026852
0 0.736719 0.350463 0.014063 0.043519
1 0.568490 0.313426 0.067187 0.084259
1 0.686198 0.757870 0.075521 0.197222
1 0.342708 0.395370 0.094792 0.077778
2 0.802344 0.175463 0.013021 0.037963
2 0.618750 0.385185 0.017708 0.051852
2 0.368229 0.504167 0.035417 0.063889
3 0.765104 0.101389 0.044792 0.084259
3 0.743490 0.475926 0.104688 0.259259