0.0 0.224219 0.506944 0.010937 0.047222
0.0 0.708594 0.558333 0.015104 0.044444
0.0 0.215885 0.597222 0.013021 0.051852
0.0 0.239323 0.737037 0.013021 0.053704
1.0 0.454688 0.771296 0.056250 0.140741
1.0 0.673437 0.155093 0.021875 0.037963
1.0 0.639844 0.273611 0.049479 0.062037
1.0 0.699479 0.183796 0.046875 0.054630
1.0 0.609375 0.411111 0.027083 0.074074
1.0 0.702083 0.804630 0.076042 0.157407
1.0 0.815885 0.075463 0.035937 0.039815
1.0 0.784635 0.132407 0.038021 0.044444
1.0 0.742969 0.107407 0.047396 0.064815
3.0 0.109635 0.511574 0.151563 0.241667
3.0 0.728646 0.202315 0.057292 0.080556
