0.0 0.812672 0.408116 0.011318 0.022357
0.0 0.128142 0.321686 0.009903 0.014178
0.0 0.336590 0.383578 0.008961 0.019085
0.0 0.606582 0.262248 0.005659 0.010906
0.0 0.328808 0.379488 0.012262 0.018540
1.0 0.669541 0.317869 0.025938 0.028356
1.0 0.506603 0.639870 0.046217 0.069254
1.0 0.697366 0.340226 0.027824 0.029446
1.0 0.690763 0.269882 0.017449 0.020721
1.0 0.260897 0.427475 0.057536 0.037081
1.0 0.654450 0.349496 0.026881 0.032718
1.0 0.660344 0.672861 0.033012 0.050168
1.0 0.170586 0.253523 0.034427 0.016359
1.0 0.696422 0.252705 0.016506 0.020176
1.0 0.637472 0.310507 0.021223 0.026720
1.0 0.670720 0.249433 0.017921 0.019085
1.0 0.681095 0.291967 0.024523 0.025630
1.0 0.190865 0.405117 0.059894 0.029446
1.0 0.620023 0.336409 0.032540 0.042533
2.0 0.139224 0.528356 0.031126 0.025084
