0.0 0.274602 0.382116 0.015868 0.023479
0.0 0.287945 0.356435 0.014425 0.022012
0.0 0.237096 0.282819 0.015868 0.025436
0.0 0.457806 0.284041 0.008655 0.028860
1.0 0.423725 0.377957 0.034982 0.086579
1.0 0.522179 0.717426 0.034260 0.092449
1.0 0.467182 0.567258 0.033179 0.110058
1.0 0.359892 0.522990 0.038588 0.100765
1.0 0.376121 0.358636 0.037146 0.085112
1.0 0.523081 0.561877 0.031736 0.098319
2.0 0.475476 0.320238 0.010819 0.035708
3.0 0.598634 0.640385 0.084028 0.246531
3.0 0.533720 0.287710 0.072488 0.103699
