0.0 0.871094 0.379167 0.017187 0.049074
0.0 0.649479 0.313889 0.009375 0.048148
0.0 0.293490 0.405556 0.006771 0.031481
0.0 0.783594 0.342593 0.006771 0.012963
0.0 0.704688 0.332870 0.014583 0.049074
1.0 0.512240 0.357870 0.080729 0.082407
1.0 0.693490 0.718056 0.072396 0.186111
1.0 0.248437 0.343519 0.087500 0.070370
2.0 0.784635 0.115278 0.011979 0.034259
2.0 0.573698 0.508796 0.022396 0.065741
2.0 0.265365 0.430556 0.035937 0.053704
3.0 0.777865 0.054630 0.040104 0.075926
3.0 0.746615 0.457870 0.102604 0.252778
