0.0 0.925260 0.206944 0.017188 0.039815
0.0 0.139062 0.148148 0.010417 0.042593
0.0 0.400521 0.289815 0.014583 0.048148
0.0 0.160417 0.158333 0.014583 0.042593
0.0 0.919792 0.253241 0.013542 0.026852
0.0 0.937760 0.104167 0.014062 0.025000
1.0 0.715365 0.109259 0.032813 0.055556
1.0 0.652865 0.134259 0.051562 0.090741
1.0 0.120312 0.346296 0.079167 0.079630
1.0 0.732292 0.222222 0.039583 0.062963
1.0 0.669271 0.444444 0.058333 0.116667
1.0 0.694271 0.160648 0.035417 0.071296
2.0 0.676042 0.087037 0.010417 0.018519
3.0 0.083594 0.237963 0.092188 0.096296
