0.0 0.411458 0.288426 0.009375 0.049074
0.0 0.292188 0.218056 0.010417 0.045370
0.0 0.125521 0.593981 0.033333 0.039815
0.0 0.597396 0.068056 0.008333 0.037963
0.0 0.159115 0.643056 0.025521 0.063889
0.0 0.105469 0.135648 0.011979 0.041667
0.0 0.277344 0.231481 0.011979 0.046296
1.0 0.647396 0.152778 0.041667 0.070370
1.0 0.752865 0.146759 0.045312 0.078704
1.0 0.814063 0.100926 0.030208 0.048148
1.0 0.708073 0.646759 0.084896 0.212037
1.0 0.512240 0.604167 0.079688 0.162037
2.0 0.689844 0.186111 0.011979 0.037037
