0.0 0.077865 0.184722 0.015104 0.037963
0.0 0.842187 0.156481 0.011458 0.042593
0.0 0.560417 0.277778 0.014583 0.046296
0.0 0.819792 0.168056 0.010417 0.043519
0.0 0.073438 0.243519 0.015625 0.044444
0.0 0.060417 0.121759 0.014583 0.025000
1.0 0.280469 0.097685 0.032813 0.056481
1.0 0.346615 0.134259 0.051562 0.090741
1.0 0.879167 0.346296 0.079167 0.079630
1.0 0.290365 0.306944 0.047396 0.076852
1.0 0.405990 0.571759 0.095313 0.126852
1.0 0.305208 0.160648 0.035417 0.071296
2.0 0.323438 0.087037 0.010417 0.018519
3.0 0.915885 0.237963 0.092188 0.096296
