0.0 0.596094 0.289815 0.020312 0.040741
0.0 0.937760 0.799074 0.030729 0.055556
0.0 0.757292 0.194907 0.010417 0.043519
0.0 0.611458 0.253704 0.012500 0.046296
1.0 0.720313 0.441204 0.085417 0.086111
1.0 0.385938 0.375000 0.067708 0.096296
1.0 0.644792 0.384259 0.067708 0.064815
1.0 0.869792 0.275463 0.069792 0.067593
1.0 0.218490 0.271296 0.036979 0.066667
1.0 0.449740 0.556481 0.082813 0.183333
1.0 0.199219 0.172222 0.034896 0.062963
1.0 0.459375 0.332870 0.075000 0.091667
1.0 0.897135 0.334722 0.064063 0.069444
1.0 0.275260 0.247222 0.054688 0.100000
1.0 0.333073 0.245370 0.043229 0.079630
2.0 0.934115 0.237037 0.023438 0.038889
