0.0 0.499219 0.648611 0.010937 0.043519
0.0 0.650781 0.762500 0.013021 0.043519
0.0 0.428906 0.623148 0.008854 0.038889
0.0 0.354167 0.287037 0.007292 0.035185
0.0 0.215104 0.544907 0.013542 0.041667
0.0 0.172656 0.593981 0.017188 0.043519
0.0 0.427865 0.649537 0.019271 0.041667
0.0 0.677083 0.216667 0.007292 0.031481
1.0 0.561458 0.416667 0.065625 0.061111
1.0 0.410156 0.529630 0.064062 0.088889
1.0 0.393750 0.328241 0.044792 0.049074
1.0 0.373958 0.456944 0.043750 0.082407
1.0 0.287500 0.190278 0.036458 0.041667
2.0 0.545573 0.736111 0.023438 0.057407
3.0 0.220573 0.173148 0.104688 0.118519
3.0 0.471094 0.357407 0.070312 0.083333
