0.0 0.285838 0.409471 0.009040 0.048577
0.0 0.566752 0.327775 0.007648 0.044160
0.0 0.685133 0.715282 0.010778 0.059616
0.0 0.559451 0.302382 0.009040 0.037536
1.0 0.405261 0.310663 0.025380 0.087217
1.0 0.693998 0.412231 0.036158 0.067344
1.0 0.334858 0.011534 0.013212 0.023067
1.0 0.382488 0.040732 0.015298 0.044160
1.0 0.378491 0.147821 0.016340 0.055200
1.0 0.359021 0.034107 0.014254 0.044160
1.0 0.786303 0.254357 0.037896 0.065137
1.0 0.346505 0.413887 0.023294 0.083904
1.0 0.576834 0.532016 0.054236 0.097152
1.0 0.429772 0.451423 0.029204 0.112608
1.0 0.336075 0.302382 0.014254 0.050785
1.0 0.751363 0.014294 0.028508 0.028588
1.0 0.370147 0.097588 0.016340 0.051889
1.0 0.433074 0.278646 0.022598 0.073969
1.0 0.405956 0.153893 0.020512 0.060721
1.0 0.389963 0.217926 0.023294 0.073969
1.0 0.481400 0.387392 0.051107 0.112608
2.0 0.765965 0.557408 0.022946 0.050785
