0.0 0.607824 0.559282 0.009866 0.037108
0.0 0.498943 0.646169 0.003523 0.042539
0.0 0.616986 0.588244 0.009162 0.040728
0.0 0.653104 0.388676 0.006695 0.036203
0.0 0.725515 0.590507 0.013390 0.043443
0.0 0.649756 0.553399 0.014799 0.034392
0.0 0.462120 0.164671 0.003876 0.028057
1.0 0.300032 0.428047 0.045455 0.066070
1.0 0.219868 0.598653 0.064835 0.083266
1.0 0.740491 0.138878 0.022904 0.032582
1.0 0.513390 0.908187 0.052150 0.159292
1.0 0.693626 0.880129 0.069416 0.164723
1.0 0.549684 0.838496 0.049332 0.146621
1.0 0.425827 0.443434 0.036294 0.057019
1.0 0.730801 0.828993 0.072588 0.158387
1.0 0.667550 0.181416 0.024313 0.038013
2.0 0.229910 0.663365 0.033475 0.037108
3.0 0.463178 0.705903 0.045455 0.136666
3.0 0.330688 0.501810 0.064483 0.104988
