0.0 0.135417 0.126852 0.005208 0.027778
0.0 0.749740 0.268519 0.010938 0.025926
0.0 0.863542 0.218981 0.008333 0.032407
0.0 0.426042 0.184259 0.009375 0.024074
0.0 0.584896 0.332870 0.010417 0.030556
1.0 0.913542 0.542593 0.085417 0.087037
1.0 0.442448 0.617130 0.059896 0.128704
1.0 0.222917 0.078241 0.020833 0.030556
1.0 0.557292 0.442130 0.068750 0.063889
1.0 0.285417 0.093519 0.020833 0.035185
1.0 0.250521 0.280556 0.027083 0.048148
1.0 0.878646 0.084722 0.039583 0.037963
1.0 0.855990 0.094444 0.045312 0.033333
1.0 0.767708 0.375463 0.069792 0.054630
1.0 0.308333 0.054167 0.020833 0.045370
1.0 0.262240 0.374074 0.034896 0.068519
