0.0 0.444792 0.274537 0.016667 0.034259
0.0 0.861198 0.149537 0.010937 0.041667
0.0 0.484635 0.267130 0.006771 0.047222
1.0 0.279167 0.095833 0.031250 0.054630
1.0 0.351562 0.150000 0.033333 0.059259
1.0 0.870052 0.275926 0.070312 0.066667
1.0 0.302083 0.150000 0.043750 0.088889
1.0 0.220833 0.286111 0.051042 0.096296
1.0 0.301562 0.700000 0.070833 0.188889
1.0 0.328125 0.095370 0.037500 0.062963
1.0 0.580469 0.582407 0.069271 0.112963
1.0 0.471615 0.912500 0.110937 0.173148
2.0 0.934635 0.237500 0.023438 0.037963
