0.0 0.892969 0.357407 0.019271 0.046296
0.0 0.058594 0.107407 0.013021 0.035185
0.0 0.866667 0.375000 0.017708 0.053704
1.0 0.624740 0.359259 0.051562 0.101852
1.0 0.782292 0.262963 0.041667 0.074074
1.0 0.501042 0.354630 0.113542 0.118519
1.0 0.120312 0.346296 0.079167 0.079630
1.0 0.622396 0.205556 0.043750 0.077778
1.0 0.480469 0.469444 0.078646 0.096296
2.0 0.590104 0.282407 0.015625 0.038889
2.0 0.786719 0.170370 0.013021 0.040741
3.0 0.670312 0.443056 0.077083 0.160185
3.0 0.083594 0.237963 0.092188 0.096296
