0.0 0.983873 0.362263 0.022660 0.055095
0.0 0.647629 0.293905 0.013996 0.055095
0.0 0.236402 0.395933 0.008665 0.034689
0.0 0.860238 0.335226 0.013996 0.029588
0.0 0.814918 0.324514 0.008665 0.016325
1.0 0.595975 0.285233 0.081312 0.092844
1.0 0.731607 0.812203 0.099307 0.226501
1.0 0.321381 0.395423 0.123968 0.086723
2.0 0.886899 0.142395 0.016663 0.041831
2.0 0.660625 0.353081 0.022660 0.055095
2.0 0.352039 0.526017 0.043988 0.074480
3.0 0.835912 0.070976 0.058651 0.094885
3.0 0.811586 0.473473 0.133966 0.285676
