0.0 0.202865 0.478704 0.010938 0.040741
0.0 0.697656 0.544907 0.013021 0.039815
0.0 0.201563 0.555093 0.012500 0.045370
0.0 0.214844 0.668519 0.014062 0.044444
1.0 0.487240 0.832870 0.064063 0.139815
1.0 0.655990 0.217593 0.024479 0.033333
1.0 0.692969 0.282407 0.054688 0.046296
1.0 0.714063 0.228704 0.051042 0.046296
1.0 0.614323 0.385648 0.024479 0.058333
1.0 0.716667 0.750926 0.081250 0.112963
1.0 0.812240 0.144444 0.038021 0.037037
1.0 0.785937 0.188426 0.041667 0.028704
1.0 0.732813 0.175463 0.052083 0.056481
3.0 0.080990 0.509722 0.161979 0.206481
3.0 0.782813 0.225000 0.058333 0.068519
