0.0 0.576009 0.344687 0.012231 0.035736
0.0 0.675390 0.292114 0.010921 0.033674
0.0 0.811026 0.565974 0.027957 0.027489
0.0 0.418749 0.181815 0.006989 0.027489
0.0 0.784161 0.601022 0.016163 0.042608
0.0 0.828718 0.230608 0.012668 0.028864
0.0 0.688495 0.300018 0.008300 0.034361
1.0 0.377249 0.243666 0.034947 0.052229
1.0 0.287261 0.236449 0.038441 0.058414
1.0 0.236152 0.202432 0.025336 0.035736
1.0 0.324174 0.603427 0.070330 0.156000
1.0 0.492137 0.571815 0.071641 0.117515
2.0 0.341428 0.269093 0.010484 0.027489
