0.0 0.896094 0.337963 0.019271 0.040741
0.0 0.065365 0.111111 0.013021 0.042593
0.0 0.867188 0.375000 0.017708 0.053704
1.0 0.662760 0.291204 0.020313 0.087963
1.0 0.211458 0.401852 0.067708 0.075926
1.0 0.768490 0.331481 0.045312 0.087037
1.0 0.544792 0.325926 0.104167 0.120370
1.0 0.120312 0.346296 0.079167 0.079630
1.0 0.634635 0.177315 0.041146 0.073148
1.0 0.568490 0.418981 0.072396 0.106481
2.0 0.790885 0.228704 0.014063 0.044444
3.0 0.638542 0.557407 0.088542 0.190741
3.0 0.083594 0.237963 0.092188 0.096296
