0.0 0.844271 0.371759 0.014583 0.037963
0.0 0.621615 0.745833 0.006771 0.025000
0.0 0.351562 0.552315 0.009375 0.041667
0.0 0.320312 0.078704 0.003125 0.025926
1.0 0.332812 0.669907 0.065625 0.106481
1.0 0.170833 0.139815 0.041667 0.037037
1.0 0.479687 0.917593 0.077083 0.162963
1.0 0.339583 0.515741 0.046875 0.094444
1.0 0.485417 0.692593 0.060417 0.118519
2.0 0.262240 0.179167 0.018229 0.025000
2.0 0.899219 0.667130 0.049479 0.037963
3.0 0.509115 0.430556 0.077604 0.090741
3.0 0.554167 0.709722 0.066667 0.139815
