0.0 0.641146 0.566204 0.015625 0.039815
0.0 0.497135 0.650463 0.006771 0.043519
0.0 0.652865 0.600000 0.013021 0.040741
0.0 0.712760 0.368981 0.007812 0.037963
0.0 0.810417 0.571759 0.017708 0.043519
0.0 0.704687 0.562500 0.020833 0.034259
1.0 0.155208 0.448611 0.070833 0.069444
1.0 0.139063 0.572685 0.090625 0.080556
1.0 0.835938 0.137037 0.041667 0.033333
1.0 0.519792 0.917593 0.077083 0.162963
1.0 0.573438 0.845370 0.072917 0.150000
1.0 0.432292 0.418981 0.051042 0.056481
1.0 0.841146 0.792593 0.107292 0.075926
1.0 0.726042 0.183333 0.036458 0.040741
2.0 0.100260 0.667130 0.049479 0.037963
3.0 0.445312 0.709722 0.066667 0.139815
3.0 0.299740 0.475926 0.090104 0.101852
