0.0 0.309312 0.382364 0.006262 0.043078
0.0 0.419044 0.826399 0.005666 0.029823
0.0 0.638953 0.483984 0.005367 0.047497
0.0 0.584535 0.561856 0.005069 0.050811
0.0 0.587666 0.006443 0.003578 0.012886
1.0 0.568135 0.597754 0.033099 0.109352
1.0 0.662659 0.092414 0.024153 0.046392
1.0 0.511331 0.950479 0.044131 0.099042
1.0 0.585429 0.391200 0.019382 0.089470
1.0 0.529669 0.845177 0.039062 0.164580
2.0 0.618379 0.134389 0.010735 0.030928
2.0 0.271443 0.699375 0.028327 0.045287
3.0 0.442152 0.389543 0.042938 0.094993
3.0 0.468840 0.751289 0.038465 0.166790
