0.0 0.744617 0.557151 0.018543 0.039959
0.0 0.499644 0.650079 0.007845 0.041818
0.0 0.759593 0.577595 0.017116 0.039959
0.0 0.832336 0.399173 0.012837 0.038101
0.0 0.988555 0.615696 0.022890 0.045535
0.0 0.826632 0.545999 0.029953 0.034383
0.0 0.440450 0.149660 0.007845 0.029737
1.0 0.153044 0.406606 0.087719 0.065979
1.0 0.996400 0.123640 0.007200 0.024161
1.0 0.527101 0.918665 0.105549 0.162669
1.0 0.891887 0.890300 0.140494 0.169130
1.0 0.600558 0.847552 0.099844 0.150544
1.0 0.294607 0.463293 0.075596 0.060403
1.0 0.946835 0.837795 0.106331 0.162625
1.0 0.865856 0.163599 0.048496 0.039030
3.0 0.425474 0.711412 0.091998 0.140322
3.0 0.091711 0.526949 0.137642 0.111514
