0.0 0.199740 0.427315 0.010937 0.039815
0.0 0.630469 0.556019 0.010938 0.039815
0.0 0.202344 0.480556 0.010938 0.042593
0.0 0.197917 0.600000 0.014583 0.044444
1.0 0.551042 0.267130 0.026042 0.036111
1.0 0.796615 0.228704 0.049479 0.040741
1.0 0.714063 0.228704 0.051042 0.046296
1.0 0.679688 0.288426 0.042708 0.045370
1.0 0.716667 0.761574 0.081250 0.134259
1.0 0.740365 0.177778 0.040104 0.038889
1.0 0.770312 0.201852 0.042708 0.038889
1.0 0.652865 0.212037 0.055729 0.061111
3.0 0.080990 0.509722 0.161979 0.206481
3.0 0.855469 0.174074 0.017187 0.040741
