0.0 0.305254 0.637704 0.011209 0.045035
0.0 0.266200 0.541138 0.015061 0.038973
0.0 0.657268 0.386113 0.009107 0.042437
0.0 0.294396 0.653727 0.011209 0.047634
0.0 0.765674 0.791431 0.006655 0.023384
0.0 0.663222 0.358831 0.008406 0.031178
0.0 0.367250 0.489607 0.007005 0.041571
1.0 0.332925 0.737302 0.074956 0.110857
1.0 0.548687 0.472719 0.023818 0.092669
1.0 0.480035 0.230653 0.021016 0.072750
1.0 0.493170 0.800525 0.032575 0.173213
1.0 0.597899 0.638137 0.030473 0.149829
3.0 0.444133 0.162234 0.051489 0.209588
