0.0 0.160938 0.389352 0.010417 0.026852
0.0 0.897656 0.291667 0.008854 0.016667
0.0 0.679167 0.359259 0.011458 0.024074
0.0 0.386458 0.222222 0.006250 0.012963
0.0 0.687240 0.356944 0.014062 0.021296
1.0 0.317187 0.286111 0.028125 0.033333
1.0 0.486198 0.687037 0.047396 0.085185
1.0 0.289062 0.318519 0.030208 0.035185
1.0 0.757552 0.414352 0.061979 0.043519
1.0 0.333333 0.323148 0.029167 0.038889
1.0 0.332292 0.726389 0.036458 0.062037
1.0 0.852083 0.211111 0.026042 0.011111
1.0 0.351562 0.277778 0.022917 0.031481
1.0 0.315365 0.202315 0.019271 0.021296
1.0 0.311198 0.255556 0.013021 0.029630
1.0 0.832812 0.388426 0.064583 0.034259
1.0 0.370312 0.307407 0.035417 0.050000
2.0 0.888542 0.532870 0.033333 0.028704
