0.0 0.613982 0.310354 0.009304 0.033908
0.0 0.611366 0.807928 0.016864 0.046525
0.0 0.140026 0.206661 0.012794 0.033119
1.0 0.691909 0.423116 0.084905 0.051255
1.0 0.966915 0.412865 0.066171 0.051255
1.0 0.249646 0.578461 0.059899 0.126956
1.0 0.337459 0.147913 0.030821 0.049678
1.0 0.618634 0.487777 0.095373 0.059141
1.0 0.973893 0.473190 0.052213 0.056776
1.0 0.475866 0.404980 0.087813 0.067027
1.0 0.285702 0.387632 0.061062 0.117494
2.0 0.871605 0.412077 0.041871 0.030753
2.0 0.879456 0.476738 0.034311 0.024445
