0.0 0.302222 0.453206 0.013666 0.018718
0.0 0.248507 0.402725 0.010250 0.019852
1.0 0.768385 0.256671 0.032647 0.023822
1.0 0.760224 0.263194 0.026193 0.022121
1.0 0.753770 0.276239 0.016323 0.009643
1.0 0.352141 0.275672 0.018601 0.027793
1.0 0.785278 0.535733 0.063395 0.055586
1.0 0.379663 0.280210 0.019740 0.028927
2.0 0.793250 0.415771 0.015564 0.020986
2.0 0.762692 0.393083 0.014425 0.019852
3.0 0.786227 0.244759 0.034925 0.035166
3.0 0.753011 0.431369 0.047451 0.045376
3.0 0.812990 0.301763 0.051247 0.039137
