0 0.362760 0.352315 0.021354 0.043519
0 0.214844 0.480556 0.016146 0.053704
0 0.215365 0.504167 0.015104 0.043519
0 0.225521 0.547222 0.019792 0.061111
0 0.388542 0.253704 0.008333 0.046296
0 0.251302 0.199074 0.011979 0.044444
1 0.188542 0.387963 0.085417 0.077778
1 0.295833 0.454167 0.087500 0.086111
1 0.213542 0.321759 0.060417 0.063889
1 0.129948 0.275926 0.070312 0.066667
1 0.193490 0.890741 0.106771 0.216667
1 0.303646 0.371296 0.080208 0.083333
1 0.102604 0.335185 0.063542 0.068519
1 0.443750 0.487963 0.109375 0.077778
2 0.065365 0.237500 0.023438 0.037963