0.0 0.080469 0.250463 0.017188 0.030556
0.0 0.904167 0.129167 0.014583 0.039815
0.0 0.671615 0.394907 0.014062 0.054630
0.0 0.896875 0.131481 0.012500 0.040741
0.0 0.107292 0.319907 0.016667 0.049074
1.0 0.284115 0.109259 0.032813 0.055556
1.0 0.549740 0.660185 0.064063 0.131481
1.0 0.346615 0.134259 0.051562 0.090741
1.0 0.879167 0.346296 0.079167 0.079630
1.0 0.228646 0.081019 0.031250 0.043519
1.0 0.264062 0.211111 0.039583 0.068519
1.0 0.305208 0.160648 0.035417 0.071296
2.0 0.323438 0.087037 0.010417 0.018519
2.0 0.302865 0.718519 0.024479 0.081481
3.0 0.915885 0.237963 0.092188 0.096296
