0.0 0.390365 0.299537 0.018229 0.043519
0.0 0.110156 0.713426 0.027604 0.065741
0.0 0.266667 0.206481 0.012500 0.042593
0.0 0.353906 0.245833 0.008854 0.047222
1.0 0.230208 0.412037 0.088542 0.079630
1.0 0.544271 0.446759 0.088542 0.095370
1.0 0.289062 0.363426 0.063542 0.067593
1.0 0.129948 0.275926 0.070312 0.066667
1.0 0.793490 0.209722 0.033854 0.058333
1.0 0.494271 0.712963 0.101042 0.229630
1.0 0.810156 0.125463 0.031771 0.054630
1.0 0.491146 0.363889 0.082292 0.088889
1.0 0.102604 0.335185 0.063542 0.068519
1.0 0.740885 0.189352 0.049479 0.087963
1.0 0.643750 0.310648 0.048958 0.093519
2.0 0.065365 0.237500 0.023438 0.037963
