0.0 0.417646 0.353688 0.011859 0.033090
0.0 0.241080 0.273557 0.010981 0.029847
0.0 0.318382 0.425708 0.012737 0.022709
0.0 0.574228 0.209322 0.006149 0.027251
0.0 0.333316 0.445498 0.008345 0.038930
0.0 0.236248 0.269988 0.010102 0.030496
0.0 0.206600 0.272908 0.009663 0.029847
1.0 0.378775 0.421816 0.071154 0.053853
1.0 0.720928 0.408190 0.039530 0.065533
1.0 0.754748 0.261229 0.037773 0.057097
1.0 0.181784 0.342009 0.066322 0.043472
1.0 0.741132 0.330654 0.021961 0.036335
2.0 0.518008 0.609004 0.023718 0.057097
