0.0 0.871094 0.378704 0.017187 0.050000
0.0 0.637240 0.312963 0.011979 0.046296
0.0 0.062760 0.768519 0.031771 0.066667
0.0 0.293490 0.405556 0.006771 0.031481
0.0 0.783594 0.343056 0.006771 0.012037
0.0 0.712760 0.339352 0.014063 0.050926
1.0 0.539062 0.340741 0.075000 0.083333
1.0 0.693490 0.718056 0.072396 0.186111
1.0 0.279687 0.360185 0.089583 0.072222
2.0 0.790365 0.135185 0.013021 0.035185
2.0 0.591146 0.462037 0.020833 0.059259
2.0 0.302344 0.450926 0.035938 0.055556
3.0 0.773438 0.069444 0.042708 0.077778
3.0 0.746615 0.457870 0.102604 0.252778
