0.0 0.640885 0.355556 0.016146 0.046296
0.0 0.785937 0.460185 0.016667 0.050000
0.0 0.775781 0.504630 0.016146 0.057407
0.0 0.757292 0.518981 0.017708 0.056481
0.0 0.561458 0.256019 0.006250 0.047222
0.0 0.787240 0.181019 0.011979 0.043519
1.0 0.834115 0.374074 0.083854 0.077778
1.0 0.726562 0.439815 0.085417 0.085185
1.0 0.807292 0.309259 0.058333 0.062963
1.0 0.890885 0.264352 0.069271 0.065741
1.0 0.717187 0.359722 0.079167 0.080556
1.0 0.919792 0.320370 0.061458 0.066667
1.0 0.577865 0.487500 0.109896 0.069444
