0.0 0.068490 0.118519 0.014062 0.035185
0.0 0.788542 0.181481 0.010417 0.044444
0.0 0.414583 0.291204 0.007292 0.049074
0.0 0.774219 0.187963 0.010937 0.044444
0.0 0.057292 0.194907 0.017708 0.026852
1.0 0.346615 0.134259 0.051562 0.090741
1.0 0.729167 0.438426 0.086458 0.093519
1.0 0.586719 0.683796 0.115104 0.102778
1.0 0.824740 0.637037 0.114062 0.127778
1.0 0.305208 0.160648 0.035417 0.071296
1.0 0.899740 0.768519 0.089062 0.155556
2.0 0.323438 0.087037 0.010417 0.018519
3.0 0.902865 0.244444 0.092187 0.098148
