0.0 0.348437 0.344444 0.016667 0.046296
0.0 0.192448 0.555556 0.019271 0.059259
0.0 0.120833 0.618981 0.029167 0.062037
0.0 0.122135 0.704167 0.027604 0.067593
0.0 0.307292 0.233333 0.010417 0.044444
0.0 0.314844 0.229167 0.008854 0.047222
1.0 0.188542 0.387500 0.085417 0.078704
1.0 0.295312 0.454167 0.087500 0.086111
1.0 0.213542 0.320833 0.060417 0.063889
1.0 0.129688 0.275463 0.069792 0.067593
1.0 0.821615 0.062963 0.026562 0.044444
1.0 0.305990 0.372222 0.080729 0.081481
1.0 0.102344 0.334722 0.064062 0.069444
1.0 0.778906 0.050000 0.038021 0.064815
1.0 0.522917 0.460185 0.103125 0.094444
2.0 0.065365 0.237037 0.023438 0.038889
