0.0 0.170833 0.381944 0.022917 0.036111
0.0 0.935156 0.787500 0.032813 0.067593
0.0 0.202344 0.376852 0.013021 0.051852
1.0 0.567448 0.889352 0.102604 0.219444
1.0 0.878125 0.346759 0.063542 0.069444
1.0 0.180729 0.075000 0.030208 0.048148
1.0 0.318229 0.074537 0.028125 0.050926
1.0 0.757292 0.332407 0.105208 0.100000
1.0 0.482812 0.350926 0.079167 0.088889
1.0 0.767448 0.409259 0.074479 0.075926
1.0 0.905990 0.257407 0.072396 0.061111
2.0 0.605469 0.383333 0.031771 0.040741
3.0 0.251302 0.160648 0.050521 0.097222
