0.0 0.376682 0.310515 0.016202 0.050458
0.0 0.201606 0.655130 0.019803 0.067634
0.0 0.119693 0.845152 0.030605 0.080517
0.0 0.322898 0.174172 0.011252 0.050458
0.0 0.349002 0.191349 0.006751 0.054752
1.0 0.230860 0.370098 0.073811 0.090180
1.0 0.403236 0.484433 0.085513 0.093401
1.0 0.252463 0.293338 0.052208 0.074076
1.0 0.180227 0.240197 0.060759 0.077297
1.0 0.767115 0.069500 0.025653 0.057973
1.0 0.778366 0.009521 0.024754 0.019041
1.0 0.407061 0.367414 0.072461 0.084812
1.0 0.156599 0.308905 0.054909 0.079445
1.0 0.726609 0.051249 0.037355 0.083738
1.0 0.584163 0.381907 0.069310 0.115945
2.0 0.124419 0.195643 0.020253 0.044016
