0.0 0.072656 0.232407 0.015104 0.046296
0.0 0.577344 0.256019 0.013021 0.045370
0.0 0.694531 0.391204 0.013021 0.050926
0.0 0.673958 0.410648 0.008333 0.032407
0.0 0.894271 0.136574 0.012500 0.043519
0.0 0.297396 0.338889 0.012500 0.050000
0.0 0.098437 0.295370 0.008333 0.029630
0.0 0.059115 0.078704 0.010938 0.037037
1.0 0.349740 0.149537 0.039062 0.063889
1.0 0.230990 0.332870 0.045313 0.086111
2.0 0.280990 0.540741 0.023438 0.059259
2.0 0.307812 0.180556 0.011458 0.037037
3.0 0.412240 0.569907 0.126563 0.178704
