0.0 0.593490 0.233333 0.014062 0.064815
0.0 0.778906 0.761111 0.017188 0.100000
0.0 0.664062 0.070833 0.010417 0.065741
0.0 0.623177 0.107407 0.007812 0.068519
1.0 0.730990 0.338426 0.065104 0.117593
1.0 0.522135 0.471296 0.074479 0.125926
1.0 0.694531 0.258333 0.047396 0.098148
1.0 0.780729 0.156944 0.053125 0.084259
1.0 0.270573 0.020833 0.024479 0.041667
1.0 0.547656 0.924074 0.092187 0.151852
1.0 0.543229 0.320833 0.063542 0.123148
1.0 0.405469 0.286574 0.049479 0.147222
2.0 0.829687 0.107407 0.017708 0.057407
