0.0 0.894792 0.349074 0.020833 0.040741
0.0 0.060937 0.108333 0.012500 0.038889
0.0 0.866667 0.374537 0.017708 0.054630
1.0 0.639844 0.318056 0.048438 0.093519
1.0 0.207292 0.397685 0.067708 0.075000
1.0 0.774740 0.299074 0.043229 0.081481
1.0 0.527344 0.338889 0.108854 0.118519
1.0 0.629167 0.190278 0.042708 0.075000
1.0 0.532292 0.445370 0.077083 0.105556
1.0 0.293490 0.366204 0.084896 0.075000
2.0 0.601042 0.263889 0.012500 0.038889
2.0 0.790885 0.201389 0.014063 0.043519
3.0 0.654167 0.504630 0.083333 0.175926
3.0 0.083594 0.237963 0.092188 0.096296
