0.0 0.066146 0.096296 0.012500 0.033333
0.0 0.796094 0.178241 0.011979 0.043519
0.0 0.366146 0.308796 0.014583 0.049074
0.0 0.758073 0.195370 0.009896 0.044444
0.0 0.051042 0.220370 0.017708 0.027778
1.0 0.945573 0.308333 0.073438 0.068519
1.0 0.346615 0.135185 0.051562 0.090741
1.0 0.587500 0.485648 0.092708 0.082407
1.0 0.778646 0.670370 0.112500 0.105556
1.0 0.934115 0.552315 0.103646 0.112037
1.0 0.878385 0.831019 0.081771 0.184259
1.0 0.305729 0.161111 0.035417 0.072222
2.0 0.323698 0.087500 0.009896 0.017593
3.0 0.817448 0.291667 0.096354 0.105556
