0.0 0.403646 0.289815 0.019792 0.040741
0.0 0.061719 0.793056 0.030729 0.067593
0.0 0.242448 0.195833 0.010937 0.043519
0.0 0.388021 0.253704 0.012500 0.046296
1.0 0.279687 0.441204 0.085417 0.086111
1.0 0.614062 0.375463 0.067708 0.097222
1.0 0.355208 0.385185 0.067708 0.064815
1.0 0.129948 0.275926 0.070312 0.066667
1.0 0.781510 0.272222 0.036979 0.066667
1.0 0.550000 0.557407 0.083333 0.183333
1.0 0.800781 0.173148 0.034896 0.062963
1.0 0.540625 0.333796 0.075000 0.091667
1.0 0.102604 0.335185 0.063542 0.068519
1.0 0.724479 0.248148 0.055208 0.100000
1.0 0.666927 0.246296 0.043229 0.079630
2.0 0.065365 0.237500 0.023438 0.037963
