0.0 0.309635 0.581944 0.015104 0.039815
0.0 0.223438 0.538426 0.017708 0.039815
0.0 0.667448 0.411574 0.008854 0.045370
0.0 0.275260 0.725000 0.015104 0.048148
0.0 0.794271 0.916204 0.019792 0.052778
0.0 0.673698 0.333796 0.008854 0.039815
0.0 0.329427 0.509722 0.008854 0.039815
1.0 0.393229 0.654630 0.067708 0.137037
1.0 0.551823 0.605093 0.028646 0.113889
1.0 0.483073 0.159722 0.020313 0.067593
1.0 0.498958 0.633333 0.030208 0.146296
1.0 0.610417 0.815278 0.037500 0.189815
3.0 0.440104 0.154167 0.055208 0.213889
