0.0 0.636198 0.351389 0.021354 0.041667
0.0 0.784375 0.486574 0.016667 0.054630
0.0 0.787240 0.514815 0.015104 0.057407
0.0 0.782031 0.554167 0.022396 0.062037
0.0 0.619792 0.254167 0.007292 0.045370
0.0 0.744010 0.201389 0.011979 0.045370
1.0 0.811458 0.387963 0.085417 0.077778
1.0 0.704167 0.454167 0.087500 0.086111
1.0 0.786458 0.321759 0.060417 0.063889
1.0 0.870052 0.275926 0.070312 0.066667
1.0 0.825000 0.851389 0.115625 0.208333
1.0 0.696354 0.371296 0.080208 0.083333
1.0 0.897396 0.335185 0.063542 0.068519
1.0 0.556250 0.487963 0.109375 0.077778
2.0 0.934635 0.237500 0.023438 0.037963
