0 0.363802 0.351389 0.021354 0.041667
0 0.215625 0.495370 0.017708 0.059259
0 0.211198 0.523148 0.020313 0.059259
0 0.207813 0.567130 0.018750 0.056481
0 0.372396 0.254167 0.013542 0.043519
0 0.264844 0.205556 0.011979 0.044444
1 0.188542 0.387963 0.085417 0.077778
1 0.295833 0.454167 0.087500 0.086111
1 0.213542 0.321759 0.060417 0.063889
1 0.129948 0.275926 0.070312 0.066667
1 0.141146 0.790278 0.120833 0.178704
1 0.303646 0.371296 0.080208 0.083333
1 0.102604 0.335185 0.063542 0.068519
1 0.443750 0.487963 0.109375 0.077778
2 0.065365 0.237500 0.023438 0.037963