0.0 0.100781 0.346296 0.014063 0.027778
0.0 0.411979 0.300000 0.011458 0.046296
0.0 0.832813 0.590278 0.022917 0.058333
0.0 0.711458 0.460185 0.009375 0.033333
0.0 0.219010 0.362500 0.011979 0.052778
0.0 0.190885 0.388889 0.017188 0.048148
1.0 0.373698 0.203241 0.043229 0.071296
1.0 0.501042 0.569907 0.087500 0.149074
1.0 0.182031 0.082407 0.030729 0.048148
2.0 0.216146 0.272685 0.015625 0.043519
2.0 0.328125 0.237500 0.013542 0.039815
2.0 0.526823 0.825926 0.025521 0.105556
3.0 0.263802 0.206944 0.054688 0.106481
3.0 0.291667 0.659259 0.128125 0.340741
