0.0 0.248817 0.266449 0.007249 0.045490
0.0 0.763506 0.154387 0.007249 0.021081
0.0 0.651688 0.242593 0.006887 0.042161
0.0 0.425334 0.039554 0.005075 0.022191
0.0 0.659299 0.234273 0.009787 0.036614
1.0 0.369697 0.129424 0.019935 0.057694
1.0 0.362085 0.279208 0.025009 0.075447
1.0 0.353386 0.031786 0.013411 0.042161
1.0 0.807907 0.068956 0.039508 0.069899
1.0 0.683766 0.352435 0.044220 0.075447
1.0 0.381295 0.193775 0.020660 0.066571
1.0 0.394344 0.114446 0.016311 0.054366
1.0 0.360817 0.076722 0.018848 0.052148
1.0 0.737590 0.306945 0.046032 0.059914
1.0 0.407755 0.167147 0.025009 0.086542
2.0 0.777280 0.557694 0.023922 0.051038
