0.0 0.445496 0.317552 0.011378 0.033313
0.0 0.310981 0.240467 0.009543 0.035638
0.0 0.433935 0.295086 0.008074 0.037961
1.0 0.373559 0.472885 0.066432 0.075923
1.0 0.597078 0.353577 0.034134 0.079022
1.0 0.441642 0.403547 0.046245 0.053456
1.0 0.239228 0.312517 0.049548 0.055780
1.0 0.691955 0.347767 0.027894 0.061203
1.0 0.555237 0.482182 0.052485 0.136352
1.0 0.707553 0.255187 0.026059 0.057330
1.0 0.549365 0.337696 0.048080 0.076698
1.0 0.219958 0.362099 0.044778 0.057330
1.0 0.649564 0.325687 0.041474 0.091417
1.0 0.625340 0.262547 0.028995 0.062753
2.0 0.193716 0.280366 0.016517 0.031764
