0.0 0.637760 0.352778 0.020313 0.046296
0.0 0.785937 0.460648 0.016667 0.049074
0.0 0.776042 0.503704 0.016667 0.057407
0.0 0.757812 0.523148 0.018750 0.057407
0.0 0.564844 0.256019 0.013021 0.045370
0.0 0.785417 0.183333 0.010417 0.044444
1.0 0.314844 0.068519 0.033854 0.051852
1.0 0.821615 0.381481 0.084896 0.077778
1.0 0.710938 0.448611 0.086458 0.084259
1.0 0.795313 0.317130 0.060417 0.063889
1.0 0.880208 0.268981 0.069792 0.065741
1.0 0.703646 0.368056 0.080208 0.082407
1.0 0.908333 0.328241 0.062500 0.067593
1.0 0.560417 0.487037 0.109375 0.072222
2.0 0.946615 0.231019 0.023438 0.037963
