0.0 0.873586 0.388260 0.013524 0.027189
0.0 0.055698 0.283152 0.011832 0.017242
0.0 0.304755 0.358419 0.010706 0.023210
0.0 0.627345 0.210869 0.006762 0.013263
0.0 0.295457 0.353445 0.014651 0.022547
1.0 0.702570 0.278510 0.030991 0.034483
1.0 0.507889 0.670096 0.055221 0.084220
1.0 0.735815 0.305699 0.033245 0.035810
1.0 0.727926 0.220153 0.020849 0.025199
1.0 0.214317 0.411802 0.068745 0.045094
1.0 0.684539 0.316972 0.032118 0.039789
1.0 0.691582 0.710217 0.039443 0.061009
1.0 0.106411 0.200259 0.041134 0.019894
1.0 0.734688 0.199264 0.019722 0.024536
1.0 0.664254 0.269558 0.025357 0.032494
1.0 0.703979 0.195285 0.021412 0.023210
1.0 0.716375 0.247010 0.029300 0.031168
1.0 0.130641 0.384613 0.071562 0.035810
1.0 0.643405 0.301057 0.038879 0.051725
2.0 0.068939 0.534483 0.037189 0.030505
