0 0.319271 0.750926 0.015625 0.040741
0 0.208073 0.644907 0.013021 0.047222
0 0.451823 0.694907 0.008854 0.041667
0 0.669010 0.596759 0.014063 0.041667
0 0.722656 0.559259 0.011979 0.042593
0 0.363281 0.785185 0.022396 0.048148
0 0.186979 0.286111 0.011458 0.033333
1 0.527865 0.370370 0.058854 0.055556
1 0.644531 0.218519 0.007812 0.022222
1 0.306771 0.432870 0.068750 0.062037
1 0.806771 0.222222 0.038542 0.040741
1 0.617708 0.420833 0.034375 0.075000
1 0.594271 0.244907 0.039583 0.045370
3 0.697917 0.211111 0.112500 0.127778
3 0.611458 0.314815 0.067708 0.079630