0.0 0.600000 0.581481 0.013542 0.040741
0.0 0.482552 0.662963 0.014063 0.044444
0.0 0.609896 0.611574 0.013542 0.037963
0.0 0.685937 0.336574 0.008333 0.036111
0.0 0.784896 0.544907 0.013542 0.041667
0.0 0.936458 0.704167 0.025000 0.047222
0.0 0.664844 0.572685 0.019271 0.032407
0.0 0.407292 0.175000 0.006250 0.029630
1.0 0.262500 0.508796 0.079167 0.073148
1.0 0.789323 0.156481 0.040104 0.037037
1.0 0.717969 0.762037 0.085938 0.138889
1.0 0.521094 0.373611 0.046354 0.052778
1.0 0.770573 0.718981 0.091146 0.134259
1.0 0.712760 0.190278 0.036979 0.041667
2.0 0.192708 0.612963 0.044792 0.042593
3.0 0.867708 0.123148 0.021875 0.066667
3.0 0.483854 0.813889 0.066667 0.168519
3.0 0.404167 0.422222 0.080208 0.092593
