0.0 0.102750 0.414370 0.017238 0.021906
0.0 0.936949 0.290405 0.010969 0.021906
0.0 0.131740 0.433039 0.017760 0.028378
1.0 0.350868 0.389477 0.046489 0.047794
1.0 0.791213 0.446481 0.067383 0.040326
1.0 0.229420 0.407649 0.044923 0.046300
1.0 0.456645 0.407649 0.104471 0.065218
1.0 0.880535 0.417855 0.078876 0.042815
1.0 0.365233 0.327495 0.041789 0.039330
1.0 0.435489 0.458927 0.072607 0.057252
1.0 0.677600 0.436773 0.086710 0.041819
2.0 0.392657 0.365581 0.012014 0.019914
2.0 0.206959 0.352139 0.014626 0.023897
3.0 0.358442 0.527631 0.087755 0.101063
3.0 0.917621 0.359358 0.092457 0.052274
