0.0 0.585156 0.288889 0.009896 0.046296
0.0 0.703906 0.221296 0.011979 0.044444
0.0 0.878646 0.597685 0.034375 0.036111
0.0 0.401823 0.068519 0.007812 0.037037
0.0 0.847917 0.645833 0.018750 0.060185
0.0 0.895312 0.135185 0.013542 0.040741
0.0 0.720833 0.232870 0.012500 0.047222
1.0 0.350781 0.148611 0.041146 0.069444
1.0 0.248698 0.152315 0.046354 0.080556
1.0 0.186719 0.105556 0.030729 0.048148
1.0 0.295312 0.664815 0.086458 0.218519
1.0 0.485156 0.620370 0.076563 0.166667
2.0 0.308594 0.182407 0.011979 0.037037
