0.0 0.928646 0.228704 0.016667 0.040741
0.0 0.120573 0.141204 0.013021 0.041667
0.0 0.369271 0.330556 0.012500 0.051852
0.0 0.134635 0.146296 0.013021 0.042593
0.0 0.936719 0.084722 0.011979 0.019444
1.0 0.715365 0.109259 0.032813 0.055556
1.0 0.652865 0.134259 0.051562 0.090741
1.0 0.120312 0.346296 0.079167 0.079630
1.0 0.751563 0.150000 0.035417 0.053704
1.0 0.704948 0.320833 0.047396 0.089815
1.0 0.694271 0.160648 0.035417 0.071296
2.0 0.676042 0.087037 0.010417 0.018519
3.0 0.083594 0.237963 0.092188 0.096296
