0.0 0.182292 0.429167 0.021875 0.036111
0.0 0.140365 0.306481 0.013021 0.035185
1.0 0.857292 0.094907 0.041667 0.036111
1.0 0.926042 0.159722 0.051042 0.039815
1.0 0.913542 0.176389 0.044792 0.039815
1.0 0.284896 0.090741 0.022917 0.040741
1.0 0.910937 0.543519 0.085417 0.088889
1.0 0.837240 0.093519 0.020313 0.020370
1.0 0.318490 0.096296 0.024479 0.040741
2.0 0.902344 0.362037 0.021354 0.033333
2.0 0.860417 0.325000 0.019792 0.031481
3.0 0.877865 0.071296 0.039062 0.053704
3.0 0.846615 0.387963 0.065104 0.074074
