0.0 0.642969 0.358796 0.015104 0.045370
0.0 0.785156 0.460185 0.016146 0.048148
0.0 0.776042 0.504630 0.016667 0.057407
0.0 0.757292 0.520370 0.016667 0.059259
0.0 0.558333 0.256019 0.012500 0.045370
0.0 0.789583 0.180093 0.012500 0.043519
1.0 0.319271 0.079167 0.034375 0.052778
1.0 0.837240 0.372222 0.083854 0.075926
1.0 0.730990 0.437500 0.085938 0.084259
1.0 0.810677 0.308796 0.058854 0.062037
1.0 0.894010 0.262963 0.069271 0.064815
1.0 0.720573 0.358333 0.079687 0.081481
1.0 0.923177 0.319444 0.061979 0.066667
1.0 0.582031 0.488426 0.109896 0.069444
