0.0 0.744792 0.299537 0.007292 0.030556
0.0 0.265365 0.265741 0.007812 0.022222
0.0 0.335677 0.304630 0.006771 0.029630
0.0 0.566406 0.183333 0.004687 0.016667
0.0 0.344010 0.305556 0.010937 0.020370
1.0 0.624740 0.234722 0.019271 0.041667
1.0 0.644792 0.139815 0.011458 0.027778
1.0 0.256250 0.154167 0.032292 0.036111
1.0 0.323177 0.394444 0.042188 0.053704
1.0 0.613542 0.281019 0.019792 0.047222
1.0 0.601042 0.224074 0.015625 0.038889
1.0 0.199479 0.180556 0.032292 0.037037
1.0 0.634375 0.193981 0.017708 0.037963
1.0 0.208854 0.195370 0.036458 0.035185
1.0 0.271615 0.361574 0.044271 0.043519
1.0 0.588281 0.261574 0.024479 0.062037
1.0 0.682031 0.117593 0.013021 0.024074
2.0 0.233333 0.540741 0.022917 0.037037
