0.0 0.269869 0.467653 0.008412 0.020931
0.0 0.609358 0.525449 0.007210 0.020455
0.0 0.271872 0.496908 0.009213 0.021406
0.0 0.268868 0.558272 0.010415 0.023309
1.0 0.558284 0.374418 0.019628 0.018076
1.0 0.712305 0.366331 0.038455 0.021882
1.0 0.664837 0.360623 0.038856 0.023784
1.0 0.619772 0.398440 0.032046 0.024260
1.0 0.667040 0.634620 0.062490 0.069451
1.0 0.697484 0.330654 0.030443 0.019979
1.0 0.708099 0.346828 0.032447 0.019979
1.0 0.630988 0.348255 0.042461 0.031396
3.0 0.177937 0.505233 0.124980 0.106554
3.0 0.766183 0.338741 0.026839 0.030444
