0 0.541406 0.272222 0.016146 0.035185
0 0.151562 0.155093 0.010417 0.041667
0 0.500260 0.256944 0.005729 0.047222
1 0.714583 0.112963 0.032292 0.057407
1 0.638542 0.171759 0.034375 0.062037
1 0.129948 0.275926 0.070312 0.066667
1 0.657552 0.906019 0.072396 0.186111
1 0.689583 0.172222 0.045833 0.092593
1 0.787500 0.243519 0.047917 0.087037
1 0.717448 0.601389 0.063021 0.160185
1 0.664583 0.112037 0.038542 0.064815
1 0.375000 0.516204 0.071875 0.095370
1 0.556771 0.847685 0.120833 0.289815
1 0.733594 0.059722 0.029687 0.049074
2 0.065365 0.237500 0.023438 0.037963