0.0 0.895052 0.349537 0.021354 0.039815
0.0 0.061458 0.109259 0.012500 0.038889
0.0 0.866927 0.375000 0.017188 0.053704
1.0 0.639844 0.318981 0.048438 0.093519
1.0 0.207292 0.398611 0.067708 0.075000
1.0 0.775260 0.299537 0.043229 0.080556
1.0 0.527344 0.339352 0.108854 0.119444
1.0 0.120573 0.347222 0.078646 0.079630
1.0 0.629427 0.190278 0.042188 0.075000
1.0 0.532292 0.446296 0.077083 0.105556
1.0 0.293750 0.366204 0.084375 0.075000
2.0 0.601042 0.263889 0.012500 0.038889
2.0 0.791146 0.201852 0.013542 0.042593
3.0 0.654167 0.504630 0.083333 0.175926
3.0 0.083594 0.238426 0.092188 0.097222
