0.0 0.489583 0.264815 0.018750 0.033333
0.0 0.822656 0.165278 0.013021 0.041667
0.0 0.528385 0.256019 0.005729 0.047222
1.0 0.522917 0.906019 0.058333 0.184259
1.0 0.302865 0.160185 0.036979 0.064815
1.0 0.387240 0.230556 0.038021 0.070370
1.0 0.869792 0.275463 0.069792 0.067593
1.0 0.291667 0.643519 0.056250 0.127778
1.0 0.332292 0.232407 0.051042 0.103704
1.0 0.197396 0.165278 0.042708 0.073148
1.0 0.250521 0.436111 0.051042 0.118519
1.0 0.357292 0.161111 0.042708 0.072222
1.0 0.749219 0.430556 0.049479 0.077778
1.0 0.374219 0.600926 0.090104 0.196296
1.0 0.280469 0.100000 0.032813 0.055556
2.0 0.934115 0.237037 0.023438 0.038889
