0.0 0.229687 0.538426 0.016667 0.043519
0.0 0.440885 0.637037 0.011979 0.042593
0.0 0.220573 0.549074 0.016146 0.044444
0.0 0.177865 0.502315 0.013021 0.039815
0.0 0.154687 0.618056 0.025000 0.028704
0.0 0.482292 0.119907 0.005208 0.028704
1.0 0.902083 0.477315 0.064583 0.069444
1.0 0.526823 0.302315 0.052604 0.054630
1.0 0.479687 0.917593 0.077083 0.162963
1.0 0.213281 0.888426 0.102604 0.169444
1.0 0.426042 0.845370 0.072917 0.150000
1.0 0.943490 0.617130 0.075521 0.076852
1.0 0.158333 0.835648 0.107292 0.162037
2.0 0.673438 0.368056 0.028125 0.034259
2.0 0.899219 0.667130 0.049479 0.037963
3.0 0.554167 0.709722 0.066667 0.139815
