0.0 0.420312 0.493519 0.010417 0.042593
0.0 0.465885 0.315741 0.008854 0.042593
0.0 0.532812 0.074537 0.010417 0.021296
0.0 0.074740 0.263889 0.018229 0.042593
1.0 0.757292 0.218519 0.023958 0.044444
1.0 0.698438 0.409259 0.058333 0.148148
1.0 0.788542 0.326852 0.041667 0.068519
1.0 0.733594 0.126852 0.032813 0.053704
1.0 0.470313 0.415741 0.063542 0.061111
1.0 0.646094 0.086574 0.027604 0.058333
1.0 0.132292 0.806019 0.147917 0.117593
1.0 0.174740 0.691204 0.118229 0.084259
1.0 0.230990 0.477315 0.089062 0.067593
2.0 0.555990 0.359259 0.028646 0.046296
2.0 0.673958 0.302778 0.012500 0.035185
3.0 0.661198 0.162037 0.036979 0.109259
