0.0 0.838542 0.382870 0.025000 0.036111
0.0 0.805990 0.379167 0.018229 0.050926
1.0 0.465365 0.805556 0.093229 0.211111
1.0 0.143490 0.359259 0.065104 0.070370
1.0 0.816146 0.091204 0.031250 0.049074
1.0 0.688542 0.058333 0.027083 0.048148
1.0 0.266667 0.344444 0.107292 0.101852
1.0 0.061719 0.310185 0.075521 0.075926
1.0 0.535937 0.337037 0.076042 0.090741
1.0 0.257812 0.428704 0.075000 0.085185
1.0 0.113542 0.268056 0.072917 0.062037
2.0 0.422917 0.381481 0.032292 0.040741
3.0 0.742188 0.181944 0.052083 0.100926
