0.0 0.360688 0.561815 0.020690 0.029993
0.0 0.513794 0.623995 0.017932 0.031456
0.0 0.344480 0.587784 0.018622 0.032188
0.0 0.248617 0.375273 0.011724 0.029993
0.0 0.122409 0.535479 0.018622 0.032919
0.0 0.271721 0.556694 0.027586 0.027067
0.0 0.619657 0.239938 0.006206 0.019752
1.0 0.838971 0.514631 0.106898 0.058523
1.0 0.110685 0.227137 0.053104 0.029262
1.0 0.196547 0.723485 0.117243 0.113389
1.0 0.345860 0.843823 0.108278 0.100952
1.0 0.490690 0.405632 0.064139 0.042429
1.0 0.126891 0.688005 0.124140 0.109731
1.0 0.218272 0.255301 0.048966 0.032919
2.0 0.935523 0.596563 0.060000 0.033651
3.0 0.009993 0.204093 0.013104 0.032919
3.0 0.533104 0.727874 0.085518 0.128019
3.0 0.647933 0.445135 0.108278 0.074617
