0.0 0.648698 0.206019 0.004687 0.023148
0.0 0.173958 0.433796 0.012500 0.030556
0.0 0.964583 0.649074 0.014583 0.024074
1.0 0.430469 0.537500 0.061979 0.065741
1.0 0.291406 0.580093 0.086979 0.056481
1.0 0.765104 0.760648 0.114583 0.145370
1.0 0.726042 0.250926 0.048958 0.033333
1.0 0.411719 0.635648 0.075521 0.091667
1.0 0.646354 0.599537 0.078125 0.095370
2.0 0.479167 0.750000 0.026042 0.059259
3.0 0.546875 0.834259 0.117708 0.125926
3.0 0.597135 0.801852 0.104688 0.190741
3.0 0.278646 0.497685 0.103125 0.069444
