0.0 0.562760 0.276389 0.017188 0.032407
0.0 0.132292 0.145833 0.014583 0.039815
0.0 0.523438 0.271296 0.012500 0.046296
1.0 0.720313 0.094907 0.031250 0.054630
1.0 0.648438 0.149537 0.033333 0.058333
1.0 0.129688 0.275463 0.069792 0.067593
1.0 0.697917 0.149537 0.043750 0.089815
1.0 0.773958 0.308796 0.053125 0.100926
1.0 0.687240 0.755556 0.075521 0.205556
1.0 0.671615 0.094444 0.038021 0.062963
1.0 0.438021 0.666667 0.065625 0.038889
1.0 0.519271 0.947685 0.090625 0.100926
2.0 0.065365 0.237037 0.023438 0.038889
