0.0 0.460417 0.270370 0.017708 0.038889
0.0 0.209115 0.180093 0.011979 0.043519
0.0 0.434896 0.255556 0.012500 0.046296
1.0 0.414583 0.572222 0.086458 0.131481
1.0 0.668490 0.239352 0.042188 0.078704
1.0 0.529948 0.343056 0.061979 0.076852
1.0 0.129688 0.275463 0.069792 0.067593
1.0 0.751562 0.422222 0.044792 0.088889
1.0 0.622396 0.356019 0.062500 0.132407
1.0 0.817969 0.084259 0.036979 0.061111
1.0 0.779167 0.283333 0.041667 0.083333
1.0 0.607031 0.240741 0.049479 0.087037
1.0 0.136458 0.356019 0.064583 0.071296
1.0 0.684115 0.390741 0.067187 0.133333
1.0 0.696615 0.162500 0.036979 0.065741
2.0 0.065365 0.237037 0.023438 0.038889
