0.0 0.893490 0.356019 0.018229 0.045370
0.0 0.059635 0.108333 0.013021 0.035185
0.0 0.866667 0.375000 0.017708 0.053704
1.0 0.627865 0.351389 0.051563 0.099074
1.0 0.207292 0.397685 0.067708 0.075000
1.0 0.780990 0.269444 0.042188 0.075926
1.0 0.506771 0.350926 0.113542 0.118519
1.0 0.120312 0.346296 0.079167 0.079630
1.0 0.623437 0.202778 0.042708 0.077778
1.0 0.490365 0.467130 0.078646 0.100926
1.0 0.261719 0.347685 0.081771 0.073148
2.0 0.592187 0.278704 0.015625 0.038889
2.0 0.787240 0.177315 0.013021 0.041667
3.0 0.667188 0.455556 0.078125 0.162963
3.0 0.083594 0.237963 0.092188 0.096296
