0.0 0.200723 0.249219 0.009246 0.016032
0.0 0.063876 0.539793 0.022808 0.026911
0.0 0.900679 0.414402 0.014794 0.023475
0.0 0.184697 0.463929 0.012944 0.022902
1.0 0.831331 0.450760 0.094313 0.040079
1.0 0.240792 0.307334 0.056095 0.025765
1.0 0.161272 0.745341 0.128834 0.113939
2.0 0.964170 0.598194 0.057944 0.029200
2.0 0.552704 0.411253 0.032671 0.018322
2.0 0.415241 0.711847 0.026507 0.036644
3.0 0.471645 0.722725 0.176298 0.171768
3.0 0.570273 0.379763 0.119588 0.060691
3.0 0.970682 0.562982 0.058637 0.069852
