0 0.405469 0.288889 0.018229 0.040741
0 0.057552 0.792130 0.027604 0.060185
0 0.242188 0.195370 0.013542 0.042593
0 0.389844 0.255093 0.007812 0.047222
1 0.283594 0.442593 0.082812 0.087037
1 0.616667 0.371296 0.062500 0.100000
1 0.360417 0.385648 0.067708 0.065741
1 0.129948 0.275926 0.070312 0.066667
1 0.780729 0.275926 0.037500 0.066667
1 0.552604 0.550463 0.082292 0.182407
1 0.800521 0.175926 0.035417 0.062963
1 0.543229 0.331944 0.075000 0.091667
1 0.102604 0.335185 0.063542 0.068519
1 0.723437 0.251389 0.055208 0.100926
1 0.667969 0.242593 0.043229 0.079630
2 0.065365 0.237500 0.023438 0.037963