0.0 0.213281 0.359722 0.018229 0.026852
0.0 0.228906 0.329630 0.019271 0.025926
0.0 0.168229 0.238426 0.020833 0.034259
0.0 0.446875 0.232870 0.010417 0.036111
1.0 0.402083 0.373611 0.044792 0.108333
1.0 0.527604 0.768056 0.042708 0.113889
1.0 0.458333 0.582870 0.041667 0.136111
1.0 0.320573 0.557407 0.049479 0.127778
1.0 0.341667 0.349074 0.047917 0.105556
1.0 0.528906 0.575926 0.040104 0.122222
2.0 0.469271 0.264815 0.013542 0.044444
3.0 0.623698 0.672685 0.105729 0.304630
3.0 0.544010 0.231019 0.086979 0.115741
