0.0 0.408073 0.290278 0.005729 0.049074
0.0 0.256771 0.202315 0.010417 0.043519
0.0 0.190885 0.525926 0.027604 0.037037
0.0 0.584115 0.089352 0.007812 0.030556
0.0 0.215365 0.561111 0.021354 0.062963
0.0 0.138542 0.150000 0.011458 0.042593
0.0 0.242188 0.217593 0.013542 0.044444
1.0 0.062240 0.050000 0.055729 0.042593
1.0 0.770312 0.081944 0.040625 0.067593
1.0 0.649740 0.920370 0.083854 0.155556
1.0 0.745573 0.447685 0.069271 0.149074
1.0 0.410156 0.440741 0.097396 0.094444
1.0 0.707292 0.670370 0.041667 0.088889
2.0 0.667969 0.256481 0.007812 0.040741
