0 0.430208 0.280093 0.018750 0.039815
0 0.228906 0.189352 0.013021 0.043519
0 0.411719 0.255093 0.009896 0.047222
1 0.334115 0.476852 0.095312 0.092593
1 0.642188 0.312500 0.047917 0.091667
1 0.433594 0.382407 0.066146 0.066667
1 0.129948 0.275926 0.070312 0.066667
1 0.770052 0.330093 0.040104 0.075000
1 0.584896 0.460648 0.072917 0.158333
1 0.792708 0.216667 0.037500 0.070370
1 0.576302 0.298148 0.064062 0.092593
1 0.102604 0.335185 0.063542 0.068519
1 0.709115 0.303241 0.059896 0.112037
1 0.680208 0.208796 0.040625 0.073148
2 0.065365 0.237500 0.023438 0.037963