0.0 0.234169 0.443307 0.019485 0.020904
0.0 0.135909 0.401500 0.012247 0.024704
1.0 0.915866 0.235854 0.048991 0.024071
1.0 0.861586 0.222551 0.023939 0.015203
1.0 0.289005 0.262459 0.028949 0.032939
1.0 0.881907 0.555743 0.094642 0.064611
1.0 0.331594 0.267843 0.030619 0.033572
1.0 0.943424 0.604835 0.099652 0.067778
2.0 0.930062 0.405934 0.022825 0.023437
2.0 0.885247 0.380596 0.021156 0.022170
3.0 0.940361 0.223501 0.059011 0.039907
3.0 0.871050 0.423353 0.069589 0.050676
3.0 0.928114 0.264042 0.063465 0.041174
