0.0 0.363802 0.351389 0.021354 0.041667
0.0 0.215625 0.491204 0.016667 0.056481
0.0 0.211458 0.518519 0.017708 0.055556
0.0 0.209375 0.566667 0.018750 0.061111
0.0 0.372917 0.255093 0.010417 0.043519
0.0 0.261979 0.204167 0.009375 0.045370
1.0 0.188542 0.387963 0.085417 0.077778
1.0 0.295833 0.454167 0.087500 0.086111
1.0 0.213542 0.321759 0.060417 0.063889
1.0 0.129948 0.275926 0.070312 0.066667
1.0 0.150260 0.804167 0.117188 0.189815
1.0 0.303646 0.371296 0.080208 0.083333
1.0 0.102604 0.335185 0.063542 0.068519
1.0 0.443750 0.487963 0.109375 0.077778
2.0 0.065365 0.237500 0.023438 0.037963
