0.0 0.614323 0.280556 0.007812 0.051852
0.0 0.789062 0.197222 0.011458 0.046296
0.0 0.909115 0.543519 0.036979 0.037037
0.0 0.389062 0.067130 0.010417 0.037963
0.0 0.877083 0.593056 0.020833 0.063889
0.0 0.961979 0.131944 0.016667 0.041667
0.0 0.804948 0.209259 0.015104 0.048148
1.0 0.343229 0.189352 0.056250 0.080556
1.0 0.167708 0.079630 0.052083 0.072222
1.0 0.098438 0.039815 0.034375 0.044444
1.0 0.203906 0.488889 0.088021 0.168519
1.0 0.575521 0.468519 0.113542 0.116667
1.0 0.254427 0.743056 0.049479 0.099074
2.0 0.287240 0.227778 0.016146 0.042593
