0 0.929948 0.125926 0.014063 0.035185
0 0.212240 0.183333 0.010937 0.044444
0 0.566667 0.283796 0.010417 0.049074
0 0.222917 0.188426 0.011458 0.045370
0 0.949219 0.181481 0.013021 0.042593
0 0.938802 0.186574 0.017188 0.026852
1 0.653385 0.135185 0.051562 0.090741
1 0.228125 0.410185 0.084375 0.081481
1 0.482031 0.659722 0.109896 0.108333
1 0.217708 0.666204 0.126042 0.113889
1 0.694271 0.161111 0.035417 0.072222
1 0.120052 0.825926 0.081771 0.175926
2 0.676302 0.087500 0.009896 0.017593
3 0.083594 0.238426 0.092188 0.097222