0.0 0.406510 0.328704 0.005729 0.040741
0.0 0.200260 0.238426 0.010937 0.036111
0.0 0.255729 0.455093 0.026042 0.026852
0.0 0.574219 0.171296 0.006771 0.009259
0.0 0.278385 0.475463 0.014062 0.047222
0.0 0.176563 0.230093 0.012500 0.034259
0.0 0.177604 0.248611 0.014583 0.036111
1.0 0.541146 0.367593 0.075000 0.075926
1.0 0.722396 0.572222 0.063542 0.114815
1.0 0.783073 0.317593 0.054688 0.087037
1.0 0.247135 0.373148 0.089063 0.057407
1.0 0.758854 0.433796 0.032292 0.052778
2.0 0.610417 0.427778 0.019792 0.044444
