0.0 0.129167 0.383796 0.027083 0.037963
0.0 0.143229 0.385185 0.019792 0.050000
1.0 0.442708 0.549537 0.067708 0.143519
1.0 0.792708 0.398611 0.067708 0.075000
1.0 0.197396 0.160185 0.035417 0.059259
1.0 0.625000 0.379630 0.118750 0.096296
1.0 0.879427 0.347222 0.078646 0.079630
1.0 0.410937 0.276852 0.057292 0.087037
1.0 0.636719 0.480093 0.081771 0.087963
1.0 0.822656 0.302778 0.076563 0.066667
2.0 0.480469 0.351389 0.026562 0.041667
2.0 0.225000 0.084259 0.011458 0.035185
3.0 0.285417 0.284259 0.061458 0.122222
3.0 0.916406 0.238426 0.092188 0.097222
