0.0 0.914583 0.263426 0.019792 0.036111
0.0 0.086719 0.125926 0.014063 0.042593
0.0 0.097917 0.130556 0.013542 0.040741
0.0 0.887240 0.332407 0.015104 0.050000
1.0 0.712760 0.114352 0.033854 0.056481
1.0 0.403385 0.554167 0.070312 0.106481
1.0 0.667188 0.856944 0.080208 0.213889
1.0 0.649740 0.143056 0.052604 0.091667
1.0 0.120312 0.346296 0.079167 0.079630
1.0 0.691146 0.052315 0.031250 0.054630
1.0 0.779688 0.052778 0.029167 0.040741
1.0 0.747396 0.168056 0.036458 0.062037
1.0 0.690365 0.169444 0.035938 0.074074
1.0 0.534115 0.875000 0.061979 0.218519
2.0 0.673437 0.093056 0.009375 0.021296
2.0 0.721094 0.594444 0.021354 0.070370
3.0 0.083594 0.237963 0.092188 0.096296
