0.0 0.128385 0.378704 0.017188 0.050000
0.0 0.359115 0.313426 0.013021 0.045370
0.0 0.944271 0.773148 0.029167 0.055556
0.0 0.705990 0.405556 0.006771 0.031481
0.0 0.215885 0.342593 0.006771 0.012963
0.0 0.288542 0.335648 0.012500 0.050926
1.0 0.464844 0.343056 0.075521 0.084259
1.0 0.305990 0.718056 0.072396 0.186111
1.0 0.727344 0.355556 0.088021 0.072222
2.0 0.210417 0.130556 0.011458 0.035185
2.0 0.413021 0.472685 0.020833 0.062037
2.0 0.707292 0.445370 0.036458 0.053704
3.0 0.224740 0.066667 0.042187 0.077778
3.0 0.252865 0.457870 0.102604 0.252778
