0.0 0.369792 0.826389 0.008333 0.060185
0.0 0.320052 0.642130 0.007812 0.062037
0.0 0.453385 0.796759 0.008854 0.060185
0.0 0.582292 0.647222 0.008333 0.053704
0.0 0.618229 0.588889 0.006250 0.055556
0.0 0.413802 0.969444 0.011979 0.061111
0.0 0.296354 0.225926 0.007292 0.046296
1.0 0.519792 0.315278 0.035417 0.078704
1.0 0.561198 0.134722 0.003646 0.028704
1.0 0.338021 0.457870 0.041667 0.100926
1.0 0.702083 0.083796 0.016667 0.052778
1.0 0.566667 0.335185 0.016667 0.098148
1.0 0.524740 0.179630 0.024479 0.066667
3.0 0.593750 0.123611 0.068750 0.184259
3.0 0.597656 0.203241 0.039062 0.104630
