0.0 0.920833 0.163889 0.013542 0.037037
0.0 0.174219 0.164815 0.011979 0.042593
0.0 0.473177 0.266204 0.006771 0.047222
0.0 0.195833 0.175000 0.012500 0.044444
0.0 0.932552 0.225926 0.016146 0.044444
0.0 0.938802 0.136574 0.015104 0.026852
1.0 0.728385 0.072685 0.030729 0.050926
1.0 0.653385 0.135185 0.051562 0.090741
1.0 0.120573 0.347222 0.078646 0.079630
1.0 0.688281 0.386574 0.048438 0.091667
1.0 0.511198 0.641667 0.115104 0.122222
1.0 0.694271 0.161111 0.035417 0.072222
2.0 0.676302 0.087500 0.009896 0.017593
3.0 0.083594 0.238426 0.092188 0.097222
