0.0 0.828125 0.450926 0.026042 0.037037
0.0 0.174740 0.072685 0.008854 0.025000
0.0 0.210677 0.419907 0.015104 0.036111
0.0 0.922396 0.381481 0.015625 0.038889
0.0 0.323438 0.335185 0.009375 0.035185
1.0 0.473958 0.279167 0.059375 0.049074
1.0 0.224219 0.162500 0.045312 0.039815
1.0 0.842448 0.449074 0.076563 0.068519
1.0 0.213802 0.896759 0.108854 0.184259
1.0 0.698177 0.380556 0.071354 0.062963
1.0 0.532552 0.769907 0.054688 0.119444
2.0 0.306510 0.239352 0.021354 0.025000
2.0 0.491667 0.361111 0.013542 0.031481
3.0 0.565885 0.386574 0.082812 0.182407
3.0 0.328385 0.197685 0.081771 0.082407
