0.0 0.820833 0.403241 0.012500 0.041667
0.0 0.147135 0.826852 0.022396 0.055556
1.0 0.669792 0.248611 0.032292 0.056481
1.0 0.355729 0.506019 0.059375 0.065741
1.0 0.737240 0.141204 0.025521 0.037963
1.0 0.690365 0.062963 0.016146 0.031481
1.0 0.698958 0.145833 0.020833 0.039815
1.0 0.719010 0.067593 0.017188 0.031481
1.0 0.152865 0.333796 0.059896 0.058333
1.0 0.697917 0.632870 0.044792 0.104630
1.0 0.499740 0.713426 0.070312 0.149074
1.0 0.647917 0.317593 0.034375 0.068519
1.0 0.722396 0.488426 0.026042 0.056481
1.0 0.123438 0.086574 0.042708 0.034259
1.0 0.709115 0.112963 0.021354 0.037037
1.0 0.630208 0.232407 0.028125 0.051852
1.0 0.667188 0.139352 0.026042 0.039815
1.0 0.685417 0.193056 0.030208 0.050926
1.0 0.078385 0.298611 0.061979 0.045370
1.0 0.605208 0.292130 0.041667 0.084259
2.0 0.101042 0.547685 0.034375 0.043519
