0.0 0.108854 0.364815 0.020833 0.046296
0.0 0.943490 0.107407 0.011979 0.033333
0.0 0.132812 0.375463 0.017708 0.052778
1.0 0.383333 0.383796 0.053125 0.106481
1.0 0.792708 0.398611 0.067708 0.075000
1.0 0.214063 0.245833 0.039583 0.071296
1.0 0.513021 0.361111 0.115625 0.114815
1.0 0.879427 0.347222 0.078646 0.079630
1.0 0.381510 0.214815 0.044271 0.079630
1.0 0.538021 0.474537 0.078125 0.091667
1.0 0.761979 0.335648 0.080208 0.071296
2.0 0.415365 0.293056 0.016146 0.039815
2.0 0.215104 0.156944 0.012500 0.039815
3.0 0.321615 0.416204 0.074479 0.152778
3.0 0.916406 0.238426 0.092188 0.097222
