0.0 0.729167 0.462500 0.011458 0.049074
0.0 0.746615 0.389815 0.013021 0.048148
0.0 0.236198 0.580093 0.019271 0.043519
0.0 0.751042 0.289815 0.010417 0.046296
0.0 0.150781 0.846296 0.024479 0.050000
1.0 0.521354 0.212037 0.030208 0.092593
1.0 0.513542 0.370370 0.034375 0.105556
1.0 0.572917 0.594444 0.039583 0.116667
1.0 0.472396 0.178704 0.032292 0.087037
1.0 0.373958 0.635185 0.077083 0.125926
3.0 0.416927 0.138889 0.076563 0.224074
3.0 0.572917 0.263426 0.041667 0.121296
3.0 0.499479 0.600926 0.048958 0.216667
