0.0 0.842969 0.346759 0.009896 0.039815
0.0 0.084635 0.195370 0.009896 0.024074
0.0 0.322917 0.300463 0.010417 0.034259
0.0 0.618490 0.094907 0.006771 0.015741
0.0 0.316146 0.296296 0.014583 0.031481
1.0 0.687240 0.190741 0.028646 0.048148
1.0 0.501823 0.713426 0.053646 0.113889
1.0 0.719271 0.221296 0.030208 0.048148
1.0 0.710417 0.108333 0.019792 0.035185
1.0 0.235417 0.376852 0.063542 0.062963
1.0 0.670313 0.243519 0.029167 0.055556
1.0 0.680208 0.768056 0.035417 0.082407
1.0 0.130990 0.081019 0.039062 0.032407
1.0 0.716406 0.080093 0.018229 0.034259
1.0 0.651563 0.178241 0.023958 0.045370
1.0 0.687240 0.077778 0.020312 0.033333
1.0 0.699740 0.145833 0.026563 0.043519
1.0 0.158594 0.338889 0.066146 0.050000
1.0 0.632292 0.221296 0.035417 0.072222
