0.0 0.088542 0.270370 0.018750 0.037037
0.0 0.918490 0.122222 0.013021 0.040741
0.0 0.707292 0.420833 0.015625 0.050926
0.0 0.906510 0.128241 0.013021 0.041667
0.0 0.117188 0.343056 0.015625 0.049074
1.0 0.292969 0.131019 0.034896 0.060185
1.0 0.626562 0.513426 0.071875 0.093519
1.0 0.314063 0.759722 0.073958 0.186111
1.0 0.359115 0.162500 0.054688 0.095370
1.0 0.879167 0.346296 0.079167 0.079630
1.0 0.315365 0.066204 0.032813 0.056481
1.0 0.245833 0.144907 0.035417 0.058333
1.0 0.315885 0.191204 0.036979 0.076852
1.0 0.457292 0.764352 0.057292 0.184259
2.0 0.333594 0.110648 0.009896 0.021296
2.0 0.266667 0.531019 0.020833 0.065741
3.0 0.915885 0.237963 0.092188 0.096296
