0.0 0.857058 0.150506 0.007017 0.021090
0.0 0.365597 0.353122 0.014034 0.022597
0.0 0.034178 0.241269 0.011875 0.024857
0.0 0.612272 0.187791 0.007557 0.020337
0.0 0.539403 0.373836 0.015113 0.023350
1.0 0.070883 0.534648 0.088523 0.070803
1.0 0.671378 0.303033 0.035085 0.051972
1.0 0.767456 0.289476 0.031846 0.041427
1.0 0.630085 0.293241 0.035625 0.050466
1.0 0.691348 0.681149 0.049119 0.095659
1.0 0.107587 0.162934 0.041022 0.030882
1.0 0.131066 0.170843 0.046960 0.027116
1.0 0.557486 0.648007 0.065312 0.121268
