0.0 0.570312 0.442593 0.011458 0.046296
0.0 0.539062 0.357407 0.009375 0.046296
0.0 0.466667 0.077315 0.010417 0.023148
0.0 0.894792 0.266667 0.018750 0.040741
1.0 0.220573 0.301389 0.027604 0.049074
1.0 0.317969 0.306019 0.050521 0.123148
1.0 0.181510 0.432870 0.048437 0.082407
1.0 0.248958 0.189815 0.037500 0.062963
1.0 0.432292 0.433333 0.066667 0.070370
1.0 0.359115 0.053704 0.025521 0.053704
1.0 0.867188 0.806019 0.147917 0.117593
1.0 0.824740 0.691204 0.118229 0.084259
1.0 0.668490 0.481019 0.088021 0.067593
2.0 0.417187 0.330093 0.023958 0.049074
2.0 0.332292 0.221759 0.011458 0.030556
3.0 0.346615 0.114352 0.033854 0.100926
