0.0 0.324853 0.559555 0.009920 0.037279
0.0 0.456756 0.621838 0.004650 0.040007
0.0 0.320048 0.570921 0.010850 0.043643
0.0 0.296643 0.528641 0.009920 0.042735
0.0 0.277889 0.650025 0.015809 0.029096
0.0 0.481710 0.120846 0.003100 0.027277
1.0 0.703357 0.449992 0.035960 0.065466
1.0 0.492250 0.288146 0.030380 0.050918
1.0 0.488220 0.910068 0.045879 0.160027
1.0 0.329658 0.881882 0.061069 0.165483
1.0 0.456290 0.840056 0.043399 0.147297
1.0 0.296953 0.830509 0.063859 0.159117
2.0 0.575174 0.349975 0.015809 0.032732
2.0 0.737611 0.664119 0.029449 0.037279
3.0 0.532394 0.706852 0.039989 0.137296
