0.0 0.553687 0.568504 0.006812 0.051758
0.0 0.504055 0.256940 0.005515 0.047699
1.0 0.356943 0.078323 0.012327 0.041610
1.0 0.353213 0.652738 0.047686 0.230375
1.0 0.342021 0.167123 0.020761 0.058863
1.0 0.613861 0.399528 0.041522 0.066981
1.0 0.409008 0.047369 0.017193 0.064951
1.0 0.661223 0.843025 0.087586 0.129903
1.0 0.641435 0.715659 0.071366 0.092353
1.0 0.743132 0.468539 0.057418 0.073071
2.0 0.545091 0.399020 0.022707 0.039580
2.0 0.427985 0.428959 0.014273 0.040595
3.0 0.387923 0.258969 0.027573 0.147155
