0.0 0.273438 0.543056 0.011458 0.039815
0.0 0.263542 0.543519 0.011458 0.038889
0.0 0.212760 0.444444 0.010937 0.040741
0.0 0.074740 0.686111 0.022396 0.046296
0.0 0.210938 0.557870 0.021875 0.026852
0.0 0.512240 0.134722 0.004687 0.028704
1.0 0.626562 0.348148 0.057292 0.057407
1.0 0.479687 0.917593 0.077083 0.162963
1.0 0.426042 0.845370 0.072917 0.150000
1.0 0.798438 0.541667 0.063542 0.068519
1.0 0.165885 0.135648 0.034896 0.036111
2.0 0.793490 0.423148 0.032813 0.037037
2.0 0.899219 0.667130 0.049479 0.037963
3.0 0.554167 0.724537 0.066667 0.110185
3.0 0.949219 0.608333 0.101562 0.125926
