0.0 0.823958 0.454630 0.012500 0.038889
0.0 0.657812 0.941204 0.009375 0.026852
0.0 0.307813 0.543981 0.012500 0.039815
0.0 0.055990 0.780556 0.025521 0.048148
0.0 0.389583 0.075000 0.003125 0.014815
1.0 0.495312 0.425463 0.053125 0.062037
1.0 0.281771 0.188426 0.043750 0.043519
1.0 0.479687 0.917593 0.077083 0.162963
1.0 0.426042 0.845370 0.072917 0.150000
2.0 0.365365 0.226852 0.020313 0.027778
2.0 0.899219 0.667130 0.049479 0.037963
3.0 0.764844 0.447222 0.085938 0.105556
3.0 0.554167 0.709722 0.066667 0.139815
