0.0 0.246804 0.454474 0.017032 0.023210
0.0 0.211078 0.370859 0.011217 0.021424
1.0 0.784145 0.239933 0.034895 0.022614
1.0 0.857050 0.291411 0.042788 0.026781
1.0 0.842926 0.301231 0.046942 0.027376
1.0 0.326979 0.230412 0.016202 0.024995
1.0 0.828179 0.528565 0.068129 0.057131
1.0 0.776875 0.247372 0.027833 0.018449
1.0 0.352735 0.234279 0.018694 0.025590
2.0 0.820909 0.411625 0.017032 0.022019
2.0 0.787468 0.387820 0.015786 0.020829
3.0 0.790791 0.219699 0.021601 0.033327
3.0 0.776875 0.427991 0.051927 0.047609
