0.0 0.592187 0.289815 0.006250 0.050000
0.0 0.763542 0.193981 0.012500 0.043519
0.0 0.778906 0.497685 0.026562 0.036111
0.0 0.425781 0.096759 0.006771 0.012037
0.0 0.751562 0.522222 0.016667 0.061111
0.0 0.840885 0.159722 0.013021 0.041667
0.0 0.780469 0.206944 0.013021 0.043519
1.0 0.398177 0.256019 0.050521 0.087963
1.0 0.221615 0.055556 0.038021 0.062963
1.0 0.322135 0.801389 0.078646 0.200926
1.0 0.240365 0.375926 0.063021 0.129630
1.0 0.650000 0.399537 0.095833 0.078704
1.0 0.272135 0.563889 0.036979 0.077778
2.0 0.352604 0.306019 0.015625 0.045370
