0.0 0.344684 0.357437 0.024352 0.039971
0.0 0.175707 0.487120 0.019007 0.052407
0.0 0.172439 0.514212 0.017224 0.055071
0.0 0.178380 0.551963 0.025540 0.059512
0.0 0.363392 0.264171 0.008316 0.043524
0.0 0.221738 0.213541 0.013661 0.043524
1.0 0.144822 0.392522 0.097407 0.074613
1.0 0.267174 0.456032 0.099783 0.082607
1.0 0.173331 0.329013 0.068898 0.061289
1.0 0.078003 0.285045 0.080182 0.063954
1.0 0.129379 0.837089 0.131856 0.199855
1.0 0.276083 0.376534 0.091467 0.079942
1.0 0.046821 0.341892 0.072462 0.065731
1.0 0.435854 0.488453 0.124728 0.074613
2.0 0.008859 0.248183 0.017718 0.036418
