0.0 0.629687 0.476389 0.016667 0.039815
0.0 0.689063 0.481019 0.015625 0.041667
0.0 0.746094 0.103241 0.008854 0.043519
0.0 0.326562 0.488426 0.012500 0.041667
0.0 0.745313 0.398611 0.012500 0.043519
0.0 0.117188 0.929630 0.027083 0.046296
0.0 0.400260 0.054167 0.006771 0.039815
1.0 0.527865 0.078704 0.026563 0.074074
1.0 0.522917 0.179630 0.029167 0.077778
1.0 0.458594 0.329167 0.034896 0.089815
3.0 0.416667 0.138889 0.077083 0.224074
3.0 0.572396 0.584259 0.053125 0.175926
3.0 0.515365 0.295370 0.038021 0.155556
