0.0 0.822135 0.414352 0.011979 0.043519
0.0 0.365885 0.340741 0.007812 0.038889
0.0 0.171615 0.782870 0.019271 0.060185
0.0 0.630990 0.072685 0.002604 0.019444
0.0 0.374740 0.320833 0.015104 0.032407
1.0 0.670573 0.271296 0.017188 0.061111
1.0 0.309635 0.480556 0.057813 0.061111
1.0 0.741667 0.122685 0.023958 0.036111
1.0 0.687240 0.077778 0.018229 0.033333
1.0 0.694792 0.162963 0.021875 0.042593
1.0 0.717187 0.078704 0.018750 0.033333
1.0 0.126042 0.320833 0.058333 0.056481
1.0 0.709115 0.562500 0.042188 0.093519
1.0 0.476562 0.643981 0.073958 0.128704
1.0 0.730469 0.435648 0.024479 0.050926
1.0 0.123438 0.086574 0.042708 0.034259
1.0 0.705469 0.126852 0.022396 0.038889
1.0 0.659896 0.157870 0.027083 0.043519
1.0 0.679688 0.212500 0.031250 0.054630
1.0 0.049740 0.283796 0.057813 0.045370
2.0 0.101042 0.547685 0.034375 0.043519
