0.0 0.435417 0.593519 0.010417 0.040741
0.0 0.559115 0.694444 0.013021 0.044444
0.0 0.427344 0.621296 0.013021 0.038889
0.0 0.335938 0.307407 0.007292 0.035185
0.0 0.214844 0.544444 0.014062 0.040741
0.0 0.103385 0.650926 0.018229 0.044444
0.0 0.380469 0.577315 0.020313 0.034259
0.0 0.619792 0.187963 0.006250 0.031481
1.0 0.646094 0.460648 0.071354 0.067593
1.0 0.234635 0.168056 0.041146 0.037963
1.0 0.319271 0.693056 0.078125 0.125000
1.0 0.412240 0.337963 0.045312 0.050000
1.0 0.288021 0.621296 0.079167 0.112963
1.0 0.287240 0.190278 0.036979 0.041667
2.0 0.701823 0.594907 0.040104 0.036111
3.0 0.154167 0.137963 0.067708 0.103704
3.0 0.464583 0.938426 0.073958 0.119444
3.0 0.517188 0.380556 0.073958 0.087037
