0.0 0.592187 0.290278 0.006250 0.049074
0.0 0.712760 0.217130 0.010937 0.045370
0.0 0.862760 0.577315 0.031771 0.036111
0.0 0.403385 0.072685 0.007812 0.034259
0.0 0.831771 0.633333 0.021875 0.064815
0.0 0.889583 0.137963 0.011458 0.040741
0.0 0.727865 0.230093 0.013021 0.045370
1.0 0.358333 0.165741 0.042708 0.072222
1.0 0.242969 0.132870 0.044271 0.076852
1.0 0.183333 0.088889 0.029167 0.046296
1.0 0.282813 0.600000 0.080208 0.196296
1.0 0.505208 0.560185 0.086458 0.146296
1.0 0.337760 0.905556 0.050521 0.118519
2.0 0.315104 0.200463 0.012500 0.037963
