0.0 0.662061 0.341226 0.017977 0.032911
0.0 0.844550 0.601402 0.023424 0.062264
0.0 0.938245 0.654326 0.025603 0.056038
0.0 0.933070 0.742386 0.026148 0.063154
0.0 0.706185 0.235377 0.010350 0.043585
0.0 0.690932 0.240714 0.010350 0.043585
1.0 0.825756 0.392372 0.089338 0.074717
1.0 0.661788 0.479097 0.099144 0.082722
1.0 0.799608 0.328773 0.063191 0.061375
1.0 0.887040 0.284744 0.073540 0.064044
1.0 0.170976 0.115296 0.029416 0.045364
1.0 0.652528 0.389258 0.089338 0.075607
1.0 0.915639 0.341671 0.066459 0.065823
1.0 0.217823 0.101509 0.042490 0.065823
1.0 0.426732 0.429286 0.096420 0.093396
2.0 0.954588 0.247830 0.024514 0.036469
