0.0 0.820312 0.423611 0.013542 0.041667
0.0 0.399740 0.355556 0.010937 0.037037
0.0 0.222135 0.680556 0.016146 0.050000
0.0 0.633854 0.062963 0.006250 0.018519
0.0 0.410938 0.333333 0.013542 0.031481
1.0 0.641406 0.341204 0.038021 0.073148
1.0 0.209115 0.425926 0.054688 0.055556
1.0 0.747396 0.083333 0.019792 0.031481
1.0 0.718490 0.056019 0.018229 0.036111
1.0 0.710938 0.108333 0.020833 0.037037
1.0 0.071094 0.293056 0.056771 0.054630
1.0 0.729688 0.427778 0.035417 0.070370
1.0 0.384896 0.526389 0.081250 0.080556
1.0 0.604688 0.458333 0.043750 0.094444
1.0 0.745313 0.333333 0.020833 0.042593
1.0 0.123438 0.086574 0.042708 0.034259
1.0 0.599740 0.322222 0.033854 0.046296
1.0 0.527865 0.405556 0.076563 0.094444
2.0 0.101042 0.547685 0.034375 0.043519
