0 0.820833 0.424074 0.013542 0.040741
0 0.390885 0.350926 0.009896 0.038889
0 0.208594 0.707870 0.017188 0.050926
0 0.633594 0.065741 0.005729 0.018519
0 0.400521 0.331944 0.014583 0.032407
1 0.650000 0.314352 0.036458 0.067593
1 0.238802 0.443056 0.054688 0.058333
1 0.747135 0.095833 0.021354 0.032407
1 0.680729 0.102778 0.021875 0.035185
1 0.686198 0.191667 0.023438 0.044444
1 0.713542 0.099074 0.020833 0.035185
1 0.085938 0.301389 0.057292 0.054630
1 0.724219 0.465278 0.036979 0.076852
1 0.418229 0.554630 0.081250 0.094444
1 0.616406 0.422222 0.041146 0.087037
1 0.741406 0.362963 0.022396 0.044444
1 0.123438 0.087037 0.042708 0.035185
1 0.698177 0.150926 0.023438 0.042593
1 0.607292 0.294907 0.032292 0.060185
1 0.647135 0.193981 0.029687 0.049074
1 0.670052 0.245370 0.033854 0.059259
1 0.555990 0.381944 0.068229 0.095370
2 0.101562 0.548148 0.034375 0.042593