0.0 0.932292 0.108796 0.013542 0.034259
0.0 0.209635 0.181019 0.013021 0.043519
0.0 0.602865 0.297222 0.014062 0.048148
0.0 0.230469 0.190741 0.011979 0.046296
0.0 0.945833 0.205093 0.016667 0.026852
1.0 0.652865 0.134259 0.051562 0.090741
1.0 0.319792 0.468519 0.090625 0.094444
1.0 0.333594 0.713426 0.118229 0.054630
1.0 0.127865 0.600926 0.108854 0.120370
1.0 0.694271 0.160648 0.035417 0.071296
1.0 0.067969 0.715278 0.095313 0.136111
2.0 0.676042 0.087037 0.010417 0.018519
3.0 0.127604 0.261111 0.093750 0.100000
