0.0 0.405592 0.274149 0.007091 0.054624
0.0 0.233399 0.127608 0.010194 0.049373
0.0 0.316725 0.379721 0.012853 0.036766
0.0 0.583327 0.015745 0.006205 0.031490
0.0 0.338443 0.411235 0.009307 0.057776
0.0 0.226972 0.123407 0.008865 0.049373
0.0 0.193508 0.121306 0.010194 0.049373
1.0 0.308526 0.339803 0.066484 0.087189
1.0 0.736240 0.262069 0.035458 0.089290
1.0 0.764828 0.061429 0.035015 0.082987
1.0 0.148964 0.221626 0.064711 0.067230
1.0 0.753083 0.157021 0.020388 0.053574
2.0 0.462548 0.882896 0.030582 0.116602
