0.0 0.828385 0.285648 0.021354 0.041667
0.0 0.810938 0.250000 0.021875 0.020370
0.0 0.880208 0.099537 0.023958 0.052778
0.0 0.560417 0.091667 0.011458 0.055556
1.0 0.612240 0.306019 0.051563 0.165741
1.0 0.467969 0.910648 0.049479 0.175000
1.0 0.547396 0.627315 0.047917 0.208333
1.0 0.705208 0.587963 0.056250 0.194444
1.0 0.680990 0.268519 0.054688 0.162963
1.0 0.466667 0.617130 0.045833 0.186111
2.0 0.534896 0.140278 0.015625 0.067593
3.0 0.357292 0.765741 0.120833 0.466667
3.0 0.448437 0.088889 0.100000 0.177778
