0.0 0.752865 0.411574 0.009896 0.037963
0.0 0.384635 0.345833 0.006771 0.036111
0.0 0.222396 0.798148 0.017708 0.050000
0.0 0.390885 0.332407 0.011979 0.029630
1.0 0.633594 0.270833 0.025521 0.052778
1.0 0.386458 0.506019 0.046875 0.060185
1.0 0.686979 0.172685 0.019792 0.034259
1.0 0.649479 0.101852 0.012500 0.029630
1.0 0.656771 0.177315 0.016667 0.036111
1.0 0.672396 0.105093 0.013542 0.028704
1.0 0.226302 0.349074 0.047396 0.053704
1.0 0.655729 0.621759 0.035417 0.095370
1.0 0.500000 0.693981 0.055208 0.136111
1.0 0.616146 0.333333 0.027083 0.062963
1.0 0.675000 0.489352 0.020833 0.050926
1.0 0.203385 0.123148 0.033854 0.031481
1.0 0.664844 0.146759 0.017188 0.034259
1.0 0.602604 0.256944 0.021875 0.047222
1.0 0.631510 0.170833 0.020313 0.036111
1.0 0.646094 0.219444 0.023438 0.046296
1.0 0.168229 0.316667 0.048958 0.042593
1.0 0.583073 0.309722 0.032813 0.076852
2.0 0.185938 0.543519 0.027083 0.038889
