0.0 0.228646 0.423611 0.018750 0.030556
0.0 0.154948 0.341204 0.014063 0.032407
1.0 0.868229 0.102778 0.044792 0.038889
1.0 0.857031 0.113426 0.035937 0.036111
1.0 0.848177 0.134722 0.022396 0.015741
1.0 0.297135 0.133796 0.025521 0.045370
1.0 0.891406 0.558333 0.086979 0.090741
1.0 0.334896 0.141204 0.027083 0.047222
2.0 0.902344 0.362500 0.021354 0.034259
2.0 0.860417 0.325463 0.019792 0.032407
3.0 0.892708 0.083333 0.047917 0.057407
3.0 0.847135 0.387963 0.065104 0.074074
3.0 0.929427 0.176389 0.070312 0.063889
