0.0 0.873384 0.337549 0.012363 0.028378
0.0 0.447804 0.348552 0.005494 0.028378
0.0 0.312736 0.443533 0.013736 0.030695
0.0 0.336316 0.455985 0.007783 0.020849
0.0 0.144931 0.270367 0.012363 0.026062
0.0 0.685433 0.404440 0.012820 0.031274
0.0 0.849575 0.386197 0.006867 0.027220
0.0 0.885746 0.233012 0.009615 0.020849
1.0 0.631635 0.281082 0.034339 0.039382
1.0 0.742665 0.373166 0.037544 0.049807
2.0 0.710615 0.493919 0.018314 0.035328
2.0 0.668721 0.300194 0.010531 0.023166
3.0 0.602561 0.524614 0.100729 0.111776
