0.0 0.642715 0.337385 0.022206 0.049091
0.0 0.796532 0.479545 0.016790 0.061365
0.0 0.795178 0.503580 0.016248 0.046024
0.0 0.784617 0.549602 0.017874 0.066478
0.0 0.612384 0.228463 0.013540 0.050114
0.0 0.760244 0.167098 0.013540 0.048069
1.0 0.823883 0.376249 0.088825 0.085910
1.0 0.712312 0.449375 0.090991 0.095115
1.0 0.797886 0.303122 0.062827 0.070569
1.0 0.884814 0.252497 0.073117 0.073638
1.0 0.811426 0.915172 0.113738 0.169655
1.0 0.704187 0.357839 0.083408 0.092046
1.0 0.913249 0.317952 0.066077 0.075683
1.0 0.558494 0.486704 0.113738 0.085910
2.0 0.951974 0.210054 0.024373 0.041932
