0.0 0.713281 0.087963 0.003646 0.025926
0.0 0.409896 0.317593 0.008333 0.025926
0.0 0.228646 0.194444 0.006250 0.031481
0.0 0.511719 0.342130 0.008854 0.026852
1.0 0.244010 0.541204 0.052604 0.084259
1.0 0.597396 0.287500 0.021875 0.065741
1.0 0.661719 0.222685 0.018229 0.045370
1.0 0.571615 0.281481 0.022396 0.050000
1.0 0.621875 0.634259 0.027083 0.098148
1.0 0.265885 0.096759 0.024479 0.036111
1.0 0.279687 0.106019 0.028125 0.032407
1.0 0.517448 0.598148 0.045313 0.122222
1.0 0.597396 0.884259 0.040625 0.185185
