0.0 0.349219 0.367593 0.019271 0.046296
0.0 0.220833 0.461574 0.018750 0.056481
0.0 0.229167 0.500463 0.019792 0.056481
0.0 0.247917 0.511111 0.014583 0.057407
0.0 0.451562 0.255556 0.007292 0.046296
0.0 0.204167 0.178241 0.012500 0.043519
1.0 0.674740 0.092593 0.035938 0.055556
1.0 0.141146 0.358796 0.082292 0.075000
1.0 0.244010 0.422222 0.083854 0.081481
1.0 0.169792 0.296759 0.058333 0.062037
1.0 0.088542 0.253241 0.067708 0.063889
1.0 0.257292 0.345833 0.078125 0.078704
1.0 0.057813 0.306944 0.061458 0.065741
1.0 0.387240 0.487500 0.110937 0.071296
