0.0 0.241667 0.386574 0.010417 0.043519
0.0 0.416146 0.326389 0.007292 0.045370
0.0 0.780469 0.701389 0.020313 0.060185
0.0 0.641406 0.412500 0.004688 0.028704
0.0 0.305469 0.358796 0.006771 0.019444
0.0 0.338281 0.358333 0.007812 0.040741
1.0 0.454948 0.330093 0.046354 0.078704
1.0 0.369792 0.723148 0.051042 0.177778
1.0 0.613802 0.398148 0.065104 0.070370
2.0 0.292708 0.194444 0.009375 0.033333
2.0 0.420312 0.402315 0.012500 0.049074
2.0 0.595833 0.499074 0.023958 0.050000
3.0 0.316406 0.127778 0.030729 0.077778
3.0 0.331510 0.471296 0.071354 0.237037
