0.0 0.189583 0.264815 0.021875 0.048148
0.0 0.206510 0.214815 0.020313 0.051852
0.0 0.142448 0.041667 0.021354 0.061111
0.0 0.443229 0.025000 0.011458 0.050000
1.0 0.393490 0.329167 0.048438 0.199074
1.0 0.529687 0.941204 0.045833 0.117593
1.0 0.455729 0.650000 0.044792 0.246296
1.0 0.304688 0.672685 0.053125 0.236111
1.0 0.327604 0.283796 0.052083 0.195370
1.0 0.530729 0.637500 0.042708 0.219444
2.0 0.468229 0.045833 0.014583 0.078704
3.0 0.632031 0.768981 0.113021 0.462037
3.0 0.550521 0.045370 0.094792 0.090741
