0.0 0.128646 0.379167 0.017708 0.049074
0.0 0.353125 0.313426 0.014583 0.047222
0.0 0.948958 0.789352 0.033333 0.067593
0.0 0.705990 0.405556 0.006771 0.031481
0.0 0.216406 0.342593 0.006771 0.012963
0.0 0.292708 0.336111 0.012500 0.051852
1.0 0.479167 0.353704 0.079167 0.083333
1.0 0.305990 0.718056 0.072396 0.186111
1.0 0.743750 0.348148 0.088542 0.070370
2.0 0.213802 0.120833 0.011979 0.034259
2.0 0.421615 0.496759 0.022396 0.063889
2.0 0.725000 0.435185 0.036458 0.053704
3.0 0.222656 0.058333 0.041146 0.075926
3.0 0.253385 0.458796 0.102604 0.252778
