0.0 0.426537 0.334481 0.010915 0.047587
0.0 0.345098 0.517587 0.008676 0.066207
0.0 0.326907 0.578104 0.013153 0.067242
0.0 0.321169 0.651553 0.011754 0.073450
0.0 0.415063 0.210341 0.006997 0.051724
0.0 0.388616 0.184997 0.006157 0.050690
1.0 0.332644 0.374826 0.045897 0.086898
1.0 0.390295 0.448793 0.047016 0.096208
1.0 0.346077 0.300859 0.032464 0.071380
1.0 0.301160 0.249652 0.037781 0.074484
1.0 0.394493 0.356205 0.043098 0.093104
1.0 0.286467 0.315860 0.034143 0.076553
1.0 0.473413 0.485000 0.058771 0.085863
2.0 0.266457 0.206720 0.012594 0.042414
