0.0 0.591406 0.290278 0.005729 0.049074
0.0 0.794792 0.180093 0.011458 0.043519
0.0 0.737240 0.443981 0.026562 0.036111
0.0 0.425521 0.095833 0.007292 0.012037
0.0 0.715365 0.468519 0.015104 0.059259
0.0 0.818490 0.168981 0.010938 0.043519
0.0 0.821094 0.189352 0.011979 0.043519
1.0 0.470313 0.345833 0.077083 0.091667
1.0 0.276562 0.567593 0.060417 0.137037
1.0 0.218490 0.265741 0.053646 0.103704
1.0 0.760417 0.337963 0.086458 0.068519
1.0 0.241667 0.404167 0.031250 0.063889
2.0 0.396094 0.426852 0.020313 0.055556
