0.0 0.758199 0.538758 0.013907 0.022148
0.0 0.791344 0.455202 0.010662 0.021141
0.0 0.734558 0.619798 0.012053 0.023155
0.0 0.101344 0.628607 0.020397 0.024664
0.0 0.534998 0.607970 0.007880 0.022651
0.0 0.444837 0.572735 0.008344 0.022651
1.0 0.256634 0.358809 0.042647 0.024664
1.0 0.806177 0.572483 0.084830 0.048322
1.0 0.197531 0.359061 0.007880 0.009061
1.0 0.742206 0.451678 0.017152 0.028188
1.0 0.690057 0.504782 0.069533 0.033725
3.0 0.671283 0.442114 0.142311 0.094631
3.0 0.859022 0.545805 0.110789 0.060403
