0.0 0.442188 0.405556 0.011458 0.044444
0.0 0.450521 0.427778 0.009375 0.044444
0.0 0.177865 0.268056 0.018229 0.039815
1.0 0.845313 0.549537 0.038542 0.065741
1.0 0.659375 0.164352 0.040625 0.095370
1.0 0.910677 0.773611 0.074479 0.136111
1.0 0.800260 0.373148 0.049479 0.090741
1.0 0.756250 0.606944 0.079167 0.117593
1.0 0.132292 0.806019 0.147917 0.117593
1.0 0.174740 0.691204 0.118229 0.084259
1.0 0.554427 0.506019 0.089063 0.078704
2.0 0.617969 0.196759 0.011979 0.047222
2.0 0.649219 0.104630 0.009896 0.024074
