0.0 0.359375 0.557407 0.010417 0.042593
0.0 0.499740 0.656944 0.005729 0.045370
0.0 0.351562 0.573148 0.008333 0.040741
0.0 0.313802 0.404630 0.006771 0.040741
0.0 0.225260 0.639815 0.015104 0.050000
0.0 0.316667 0.536111 0.015625 0.035185
0.0 0.525781 0.123148 0.003646 0.029630
1.0 0.659375 0.382407 0.045833 0.068519
1.0 0.485156 0.929167 0.056771 0.141667
1.0 0.289583 0.912500 0.075000 0.175000
1.0 0.445833 0.869444 0.053125 0.161111
1.0 0.636979 0.482407 0.040625 0.066667
1.0 0.249219 0.858796 0.078646 0.173148
1.0 0.290365 0.133333 0.025521 0.040741
2.0 0.795833 0.471296 0.028125 0.038889
2.0 0.792708 0.677778 0.036458 0.040741
3.0 0.539844 0.724537 0.049479 0.149074
