0.0 0.069792 0.129167 0.014583 0.034259
0.0 0.787240 0.181944 0.010938 0.043519
0.0 0.443490 0.280556 0.015104 0.048148
0.0 0.777865 0.186111 0.010938 0.044444
0.0 0.051042 0.185185 0.013542 0.044444
0.0 0.062240 0.181481 0.017188 0.025926
1.0 0.346615 0.134259 0.051562 0.090741
1.0 0.795833 0.396759 0.083333 0.086111
1.0 0.480208 0.636111 0.105208 0.112963
1.0 0.752865 0.679630 0.129688 0.105556
1.0 0.305208 0.160648 0.035417 0.071296
1.0 0.871875 0.861111 0.078125 0.187037
2.0 0.323438 0.087037 0.010417 0.018519
3.0 0.915885 0.237963 0.092188 0.096296
