0.0 0.270573 0.454630 0.011979 0.048148
0.0 0.254167 0.380556 0.012500 0.048148
0.0 0.764062 0.579167 0.014583 0.045370
0.0 0.248437 0.286111 0.011458 0.046296
0.0 0.848437 0.831944 0.021875 0.047222
0.0 0.600521 0.063889 0.006250 0.038889
1.0 0.478385 0.211574 0.029687 0.093519
1.0 0.487240 0.385185 0.034896 0.107407
1.0 0.426563 0.568519 0.038542 0.112963
1.0 0.528385 0.189815 0.032813 0.088889
1.0 0.639844 0.654630 0.080729 0.125926
3.0 0.582812 0.138889 0.077083 0.224074
3.0 0.426563 0.248148 0.040625 0.118519
3.0 0.501563 0.626852 0.050000 0.220370
