0.0 0.825297 0.413343 0.023350 0.025137
0.0 0.066183 0.693160 0.032371 0.044983
0.0 0.788947 0.409373 0.016451 0.037045
1.0 0.400235 0.818846 0.084906 0.075412
1.0 0.085021 0.377952 0.063680 0.048290
1.0 0.829012 0.182807 0.029718 0.032414
1.0 0.676446 0.209929 0.030247 0.037706
1.0 0.205482 0.367699 0.105071 0.070120
1.0 0.486999 0.404743 0.086498 0.060859
1.0 0.735880 0.184130 0.036615 0.050936
1.0 0.192215 0.422604 0.073232 0.058212
1.0 0.060346 0.316763 0.071639 0.042336
2.0 0.351679 0.415657 0.031309 0.028445
3.0 0.760556 0.239035 0.048821 0.065489
