0.0 0.921615 0.245833 0.017188 0.037963
0.0 0.102865 0.132407 0.014062 0.040741
0.0 0.339062 0.372222 0.011458 0.050000
0.0 0.110156 0.136111 0.011979 0.042593
0.0 0.896615 0.308796 0.014063 0.047222
1.0 0.715365 0.109259 0.032813 0.055556
1.0 0.467969 0.745370 0.057812 0.150000
1.0 0.652865 0.134259 0.051562 0.090741
1.0 0.120312 0.346296 0.079167 0.079630
1.0 0.766667 0.099074 0.032292 0.046296
1.0 0.727083 0.240741 0.041667 0.074074
1.0 0.694271 0.160648 0.035417 0.071296
2.0 0.676042 0.087037 0.010417 0.018519
2.0 0.679688 0.806944 0.026042 0.093519
3.0 0.083594 0.237963 0.092188 0.096296
