0.0 0.308854 0.341204 0.009375 0.063889
0.0 0.425260 0.254167 0.005729 0.063889
0.0 0.729427 0.868056 0.016146 0.087963
0.0 0.605469 0.375926 0.003646 0.040741
0.0 0.353906 0.293519 0.003646 0.016667
0.0 0.392969 0.286111 0.007812 0.068519
1.0 0.484635 0.301389 0.039062 0.112037
1.0 0.400000 0.784722 0.037500 0.243519
1.0 0.621094 0.306019 0.045313 0.093519
2.0 0.352083 0.015741 0.006250 0.031481
2.0 0.457552 0.480093 0.010937 0.082407
2.0 0.610938 0.422222 0.018750 0.070370
3.0 0.373177 0.445833 0.052604 0.330556
