0.0 0.831510 0.438426 0.026563 0.045370
0.0 0.205990 0.398611 0.015104 0.045370
0.0 0.928646 0.352315 0.014583 0.047222
0.0 0.321875 0.293519 0.009375 0.044444
1.0 0.470313 0.222222 0.060417 0.061111
1.0 0.219531 0.077778 0.045313 0.050000
1.0 0.841406 0.432870 0.077604 0.084259
1.0 0.210417 0.939815 0.110417 0.120370
1.0 0.696094 0.348611 0.071354 0.078704
1.0 0.535156 0.825926 0.054688 0.148148
2.0 0.302344 0.171759 0.021354 0.034259
2.0 0.489063 0.322685 0.013542 0.037963
3.0 0.564063 0.353241 0.089583 0.225000
3.0 0.324219 0.121759 0.082812 0.102778
