0.0 0.551563 0.274537 0.016667 0.039815
0.0 0.783073 0.184259 0.011979 0.042593
0.0 0.574740 0.255093 0.009896 0.047222
1.0 0.610938 0.531944 0.090625 0.117593
1.0 0.340365 0.263426 0.044271 0.082407
1.0 0.500521 0.361111 0.064583 0.075926
1.0 0.870052 0.275926 0.070312 0.066667
1.0 0.241406 0.388889 0.043229 0.083333
1.0 0.389583 0.390278 0.065625 0.139815
1.0 0.179427 0.071296 0.035937 0.059259
1.0 0.215885 0.259259 0.040104 0.077778
1.0 0.401563 0.261574 0.051042 0.089815
1.0 0.877344 0.347222 0.064062 0.070370
1.0 0.306510 0.357870 0.065104 0.125000
1.0 0.308854 0.179167 0.038542 0.067593
2.0 0.934635 0.237500 0.023438 0.037963
