0.0 0.259115 0.390278 0.013021 0.047222
0.0 0.249740 0.316667 0.011979 0.048148
0.0 0.777865 0.595833 0.016146 0.045370
0.0 0.249740 0.236111 0.009896 0.044444
0.0 0.828385 0.708796 0.022396 0.047222
1.0 0.478385 0.211574 0.029687 0.093519
1.0 0.495313 0.543981 0.039583 0.134259
1.0 0.426042 0.406019 0.034375 0.091667
1.0 0.529688 0.205093 0.033333 0.089815
1.0 0.737240 0.750463 0.089062 0.117593
1.0 0.345833 0.818981 0.053125 0.184259
3.0 0.582812 0.138889 0.077083 0.224074
3.0 0.859896 0.929630 0.122917 0.107407
3.0 0.405990 0.149074 0.036979 0.103704
3.0 0.514062 0.865278 0.059375 0.267593
