0.0 0.796094 0.485185 0.013021 0.040741
0.0 0.294792 0.546759 0.014583 0.039815
0.0 0.799740 0.559722 0.014062 0.043519
0.0 0.782292 0.676852 0.013542 0.044444
1.0 0.521615 0.806481 0.061979 0.135185
1.0 0.335938 0.213889 0.023958 0.031481
1.0 0.316667 0.288426 0.055208 0.045370
1.0 0.285417 0.228704 0.051042 0.046296
1.0 0.384635 0.394907 0.024479 0.060185
1.0 0.282813 0.761574 0.081250 0.134259
1.0 0.180990 0.143056 0.039062 0.036111
1.0 0.208594 0.188426 0.041146 0.032407
1.0 0.260417 0.172222 0.052083 0.055556
3.0 0.918750 0.509722 0.162500 0.206481
3.0 0.226042 0.230093 0.059375 0.067593
