0.0 0.924740 0.242130 0.019271 0.039815
0.0 0.107292 0.133796 0.013542 0.041667
0.0 0.349219 0.361111 0.013021 0.053704
0.0 0.117188 0.138889 0.012500 0.042593
0.0 0.898438 0.305556 0.011458 0.042593
1.0 0.715365 0.109259 0.032813 0.055556
1.0 0.476823 0.837037 0.056771 0.168519
1.0 0.652865 0.134259 0.051562 0.090741
1.0 0.120312 0.346296 0.079167 0.079630
1.0 0.760938 0.117130 0.033333 0.049074
1.0 0.719792 0.268056 0.043750 0.080556
1.0 0.694271 0.160648 0.035417 0.071296
2.0 0.676042 0.087037 0.010417 0.018519
2.0 0.661719 0.898148 0.028646 0.105556
3.0 0.083594 0.237963 0.092188 0.096296
