0.0 0.407813 0.290278 0.006250 0.049074
0.0 0.236719 0.193056 0.010937 0.045370
0.0 0.216667 0.499537 0.029167 0.036111
0.0 0.576042 0.094907 0.007292 0.015741
0.0 0.245312 0.525926 0.019792 0.059259
0.0 0.156771 0.157870 0.011458 0.041667
0.0 0.222135 0.207870 0.013021 0.045370
1.0 0.602865 0.252778 0.050521 0.087037
1.0 0.777865 0.056481 0.038021 0.062963
1.0 0.675521 0.811574 0.079167 0.204630
1.0 0.758594 0.381019 0.063021 0.130556
1.0 0.354167 0.400926 0.095833 0.079630
1.0 0.726042 0.569907 0.037500 0.078704
2.0 0.648698 0.301852 0.015104 0.044444
