0.0 0.635677 0.350926 0.020313 0.040741
0.0 0.785156 0.509722 0.017188 0.058333
0.0 0.810677 0.550463 0.017188 0.060185
0.0 0.819010 0.614352 0.022396 0.063889
0.0 0.650781 0.244444 0.008854 0.044444
0.0 0.716667 0.213426 0.009375 0.045370
1.0 0.811458 0.387963 0.085417 0.077778
1.0 0.704167 0.454167 0.087500 0.086111
1.0 0.786458 0.321759 0.060417 0.063889
1.0 0.870052 0.275926 0.070312 0.066667
1.0 0.938021 0.708333 0.117708 0.153704
1.0 0.696354 0.371296 0.080208 0.083333
1.0 0.897396 0.335185 0.063542 0.068519
1.0 0.556250 0.487963 0.109375 0.077778
2.0 0.934635 0.237500 0.023438 0.037963
