0.0 0.394792 0.293981 0.011458 0.049074
0.0 0.187760 0.173148 0.010937 0.044444
0.0 0.284635 0.393981 0.015104 0.032407
0.0 0.594792 0.075463 0.008333 0.037963
0.0 0.306771 0.422222 0.011458 0.055556
0.0 0.181771 0.169907 0.011458 0.043519
0.0 0.145313 0.170833 0.013542 0.043519
1.0 0.303906 0.375463 0.079687 0.080556
1.0 0.772135 0.317593 0.043229 0.083333
1.0 0.807813 0.129630 0.042708 0.075926
1.0 0.089844 0.256481 0.076563 0.059259
1.0 0.793490 0.218519 0.024479 0.048148
2.0 0.482552 0.763889 0.032813 0.094444
