0.0 0.415365 0.426389 0.008854 0.043519
0.0 0.452865 0.390741 0.010937 0.046296
0.0 0.532812 0.060185 0.010417 0.031481
0.0 0.134375 0.266667 0.018750 0.040741
1.0 0.805729 0.401389 0.031250 0.056481
1.0 0.669010 0.225463 0.045312 0.106481
1.0 0.854688 0.568056 0.058333 0.102778
1.0 0.771094 0.265741 0.042188 0.074074
1.0 0.651042 0.481944 0.069792 0.087963
1.0 0.132292 0.806019 0.147917 0.117593
1.0 0.174740 0.691204 0.118229 0.084259
1.0 0.434115 0.486574 0.086979 0.069444
2.0 0.606510 0.282870 0.015104 0.050926
2.0 0.657292 0.156019 0.010417 0.028704
3.0 0.646875 0.070833 0.031250 0.093519
