0 0.199740 0.431944 0.010937 0.039815
0 0.636979 0.553241 0.009375 0.037963
0 0.203906 0.487500 0.010937 0.043519
0 0.198437 0.607407 0.013542 0.044444
1 0.564844 0.260185 0.025521 0.035185
1 0.785417 0.234722 0.050000 0.041667
1 0.714323 0.228704 0.050521 0.046296
1 0.666667 0.296296 0.042708 0.046296
1 0.717187 0.762037 0.081250 0.135185
1 0.749740 0.174074 0.040104 0.038889
1 0.770573 0.201852 0.042188 0.038889
1 0.662760 0.208333 0.055729 0.061111
3 0.081250 0.510185 0.162500 0.207407
3 0.850000 0.180556 0.028125 0.051852