0.0 0.485417 0.706944 0.009375 0.050926
0.0 0.378125 0.818056 0.011458 0.050926
0.0 0.550781 0.656019 0.006771 0.054630
0.0 0.602083 0.227778 0.005208 0.044444
0.0 0.703646 0.555556 0.009375 0.051852
0.0 0.725260 0.600000 0.009896 0.053704
0.0 0.536458 0.711574 0.015625 0.050926
0.0 0.361979 0.153704 0.005208 0.038889
1.0 0.466146 0.386111 0.045833 0.075926
1.0 0.549479 0.505556 0.046875 0.101852
1.0 0.588281 0.272685 0.031771 0.060185
1.0 0.585417 0.413426 0.025000 0.095370
1.0 0.648698 0.112500 0.020312 0.052778
2.0 0.486719 0.895370 0.018229 0.094444
3.0 0.691146 0.098148 0.076042 0.150000
3.0 0.532292 0.311111 0.050000 0.103704
