0.0 0.164062 0.383796 0.011458 0.036111
0.0 0.376563 0.749074 0.006250 0.027778
0.0 0.743490 0.465741 0.009896 0.038889
0.0 0.647656 0.552778 0.008854 0.040741
0.0 0.665104 0.078704 0.006250 0.025926
1.0 0.640365 0.621759 0.060937 0.097222
1.0 0.806510 0.148611 0.041146 0.037963
1.0 0.519792 0.917593 0.077083 0.162963
1.0 0.648698 0.461111 0.031771 0.085185
1.0 0.531771 0.737963 0.064583 0.127778
2.0 0.716406 0.188889 0.019271 0.025926
2.0 0.100781 0.667130 0.049479 0.037963
3.0 0.447656 0.415278 0.075521 0.086111
3.0 0.445573 0.710648 0.067187 0.139815
