0.0 0.062240 0.121296 0.010937 0.040741
0.0 0.741667 0.205093 0.010417 0.043519
0.0 0.634115 0.279630 0.010937 0.048148
0.0 0.520312 0.275463 0.008333 0.028704
0.0 0.761458 0.207407 0.011458 0.044444
0.0 0.465885 0.263426 0.008854 0.045370
0.0 0.057813 0.179167 0.014583 0.041667
0.0 0.050521 0.194444 0.014583 0.044444
1.0 0.941667 0.239352 0.062500 0.056481
1.0 0.889062 0.751389 0.116667 0.156481
1.0 0.809896 0.648148 0.108333 0.131481
2.0 0.929167 0.553241 0.031250 0.049074
2.0 0.267188 0.067130 0.010417 0.030556
