0.0 0.717708 0.563426 0.011458 0.056481
0.0 0.509115 0.703241 0.006771 0.060185
0.0 0.728906 0.569444 0.010938 0.055556
0.0 0.776823 0.413426 0.014062 0.058333
0.0 0.911458 0.751852 0.022917 0.068519
0.0 0.779427 0.572685 0.022396 0.037963
1.0 0.359635 0.292593 0.057812 0.085185
1.0 0.572396 0.943519 0.071875 0.112963
1.0 0.223438 0.544444 0.061458 0.094444
1.0 0.837500 0.932407 0.106250 0.135185
2.0 0.191667 0.403241 0.033333 0.052778
2.0 0.104688 0.737963 0.048958 0.053704
3.0 0.445833 0.800463 0.066667 0.199074
3.0 0.063021 0.643056 0.116667 0.178704
