0.0 0.745833 0.533333 0.014583 0.038889
0.0 0.535417 0.638426 0.011458 0.039815
0.0 0.755208 0.528704 0.012500 0.040741
0.0 0.804688 0.472685 0.014583 0.043519
0.0 0.816146 0.584259 0.023958 0.027778
0.0 0.501563 0.127778 0.005208 0.027778
1.0 0.423958 0.324074 0.055208 0.055556
1.0 0.519792 0.917593 0.077083 0.162963
1.0 0.786198 0.888426 0.102604 0.169444
1.0 0.573438 0.845370 0.072917 0.150000
1.0 0.124219 0.581019 0.070312 0.073148
1.0 0.841146 0.883333 0.107292 0.066667
1.0 0.860417 0.127315 0.026042 0.034259
2.0 0.267969 0.394444 0.029688 0.035185
2.0 0.100260 0.667130 0.049479 0.037963
3.0 0.445312 0.709722 0.066667 0.139815
