0.0 0.926562 0.211111 0.015625 0.038889
0.0 0.137500 0.148148 0.013542 0.040741
0.0 0.393490 0.294907 0.011979 0.049074
0.0 0.156510 0.157407 0.014063 0.042593
0.0 0.920052 0.255093 0.011979 0.025000
0.0 0.938021 0.100463 0.013542 0.025000
1.0 0.715365 0.109722 0.032813 0.056481
1.0 0.653385 0.135185 0.051562 0.090741
1.0 0.120573 0.347222 0.078646 0.079630
1.0 0.735417 0.211111 0.039583 0.061111
1.0 0.676302 0.424074 0.055729 0.111111
1.0 0.694271 0.161111 0.035417 0.072222
2.0 0.676302 0.087500 0.009896 0.017593
3.0 0.083594 0.238426 0.092188 0.097222
