0.0 0.327628 0.205115 0.006630 0.021369
0.0 0.807571 0.393870 0.010892 0.029916
0.0 0.173486 0.548079 0.016574 0.032053
1.0 0.717597 0.513178 0.057300 0.047723
1.0 0.821304 0.607199 0.088554 0.066242
1.0 0.300872 0.260317 0.043093 0.032053
1.0 0.689894 0.576570 0.077663 0.050572
1.0 0.239784 0.805213 0.098972 0.141744
2.0 0.564166 0.647443 0.026045 0.044161
2.0 0.820120 0.505698 0.035990 0.028491
3.0 0.458564 0.823020 0.103707 0.121800
3.0 0.826750 0.458331 0.125965 0.091884
3.0 0.568428 0.519232 0.080978 0.096871
3.0 0.861320 0.562325 0.111758 0.084762
