0.0 0.413542 0.527315 0.011458 0.045370
0.0 0.479167 0.293056 0.008333 0.043519
0.0 0.533073 0.056944 0.008854 0.021296
0.0 0.057813 0.262963 0.019792 0.042593
1.0 0.743229 0.167130 0.021875 0.041667
1.0 0.713281 0.506019 0.066146 0.173148
1.0 0.771094 0.260185 0.036979 0.061111
1.0 0.714583 0.084722 0.030208 0.049074
1.0 0.398698 0.412037 0.065104 0.061111
1.0 0.646094 0.086574 0.027604 0.058333
1.0 0.149219 0.806481 0.146354 0.118519
1.0 0.189583 0.691667 0.117708 0.085185
1.0 0.161458 0.473148 0.090625 0.068519
2.0 0.505469 0.393519 0.033854 0.040741
2.0 0.659115 0.368519 0.014062 0.038889
3.0 0.668490 0.210648 0.040104 0.119444
