0.0 0.146615 0.623611 0.017187 0.043519
0.0 0.824740 0.454167 0.011979 0.039815
0.0 0.394271 0.595370 0.012500 0.038889
0.0 0.159375 0.632870 0.015625 0.043519
0.0 0.102865 0.598148 0.020312 0.044444
0.0 0.055469 0.742593 0.031771 0.031481
0.0 0.439063 0.099074 0.005208 0.027778
1.0 0.698698 0.386574 0.052604 0.056481
1.0 0.392448 0.240278 0.047396 0.047222
1.0 0.479687 0.917593 0.077083 0.162963
1.0 0.168490 0.945370 0.095313 0.105556
1.0 0.159635 0.242593 0.008854 0.020370
1.0 0.426042 0.845370 0.072917 0.150000
1.0 0.084115 0.937500 0.107813 0.121296
2.0 0.513542 0.294444 0.023958 0.031481
2.0 0.899219 0.667130 0.049479 0.037963
3.0 0.554167 0.709722 0.066667 0.139815
