0.0 0.202865 0.472685 0.011979 0.039815
0.0 0.690885 0.543056 0.013021 0.039815
0.0 0.203646 0.544907 0.014583 0.043519
0.0 0.213542 0.661574 0.013542 0.043519
1.0 0.498437 0.868981 0.066667 0.147222
1.0 0.646615 0.221296 0.024479 0.033333
1.0 0.705990 0.275926 0.053646 0.044444
1.0 0.714063 0.228704 0.051042 0.046296
1.0 0.614323 0.374074 0.025521 0.057407
1.0 0.716667 0.761574 0.081250 0.134259
1.0 0.804167 0.148148 0.038542 0.037037
1.0 0.778906 0.194444 0.040104 0.035185
1.0 0.724219 0.178241 0.052604 0.054630
3.0 0.080990 0.509722 0.161979 0.206481
3.0 0.794271 0.218519 0.058333 0.066667
