0.0 0.741040 0.406219 0.011494 0.038087
0.0 0.594151 0.354478 0.007099 0.038087
0.0 0.209941 0.718462 0.020284 0.051741
0.0 0.366295 0.426700 0.004395 0.024433
0.0 0.684076 0.377834 0.004395 0.010061
0.0 0.634887 0.373522 0.010142 0.040243
1.0 0.518932 0.382504 0.049358 0.066832
1.0 0.625929 0.669237 0.046991 0.144444
1.0 0.346857 0.385379 0.057471 0.055334
2.0 0.686780 0.209315 0.007775 0.026589
2.0 0.553583 0.488502 0.013860 0.048867
2.0 0.359703 0.454008 0.023664 0.041681
3.0 0.679174 0.160449 0.027045 0.059646
3.0 0.660074 0.468021 0.066599 0.196185
