0.0 0.484295 0.249241 0.010941 0.041793
0.0 0.295656 0.151723 0.007764 0.045774
0.0 0.463826 0.238294 0.008823 0.049754
1.0 0.466472 0.673143 0.053645 0.173143
1.0 0.621053 0.189038 0.027528 0.078611
1.0 0.548351 0.291034 0.035292 0.083587
1.0 0.249247 0.259191 0.047645 0.071646
1.0 0.661816 0.490050 0.032822 0.107468
1.0 0.594584 0.295511 0.039527 0.130355
1.0 0.711931 0.082067 0.026469 0.069656
1.0 0.682991 0.319393 0.029999 0.100503
1.0 0.581702 0.189536 0.031410 0.087566
1.0 0.277481 0.367655 0.044822 0.077616
1.0 0.612936 0.451739 0.050115 0.162198
1.0 0.639052 0.112418 0.023999 0.064680
2.0 0.205485 0.217896 0.015882 0.040798
