0.0 0.345313 0.334259 0.016667 0.029630
0.0 0.188542 0.567130 0.023958 0.062037
0.0 0.111198 0.630556 0.027604 0.062963
0.0 0.111719 0.716204 0.026563 0.067593
0.0 0.305990 0.232407 0.010937 0.046296
0.0 0.314844 0.229167 0.007812 0.047222
1.0 0.188542 0.387500 0.085417 0.078704
1.0 0.305208 0.459259 0.087500 0.087037
1.0 0.213542 0.320833 0.060417 0.063889
1.0 0.129688 0.275463 0.069792 0.067593
1.0 0.819792 0.070370 0.027083 0.044444
1.0 0.315365 0.375926 0.082812 0.081481
1.0 0.102344 0.334722 0.064062 0.069444
1.0 0.777344 0.056944 0.039062 0.063889
1.0 0.534115 0.453704 0.101562 0.094444
2.0 0.065365 0.237037 0.023438 0.038889
