0.0 0.788281 0.643981 0.019271 0.041667
0.0 0.836458 0.544907 0.019792 0.041667
0.0 0.266146 0.368056 0.010417 0.047222
0.0 0.799740 0.635648 0.016146 0.045370
0.0 0.117188 0.783796 0.020833 0.030556
0.0 0.254688 0.361574 0.012500 0.043519
0.0 0.682292 0.483333 0.017708 0.044444
1.0 0.788542 0.773148 0.113542 0.111111
1.0 0.427083 0.430093 0.034375 0.093519
1.0 0.530208 0.218981 0.031250 0.078704
1.0 0.513542 0.891667 0.051042 0.198148
1.0 0.356510 0.594907 0.043229 0.149074
3.0 0.582812 0.138889 0.077083 0.224074
3.0 0.471615 0.052778 0.029687 0.105556
