0.0 0.417723 0.528606 0.010904 0.035962
0.0 0.484635 0.312834 0.007930 0.035962
0.0 0.531474 0.106053 0.009417 0.019615
0.0 0.073743 0.291175 0.016852 0.036780
1.0 0.728741 0.194732 0.020321 0.035145
1.0 0.707924 0.530649 0.064930 0.159377
1.0 0.753772 0.274420 0.034695 0.052308
1.0 0.699250 0.125260 0.027757 0.041683
1.0 0.385258 0.421946 0.061956 0.054760
1.0 0.639029 0.135476 0.026269 0.052308
1.0 0.187495 0.772575 0.138286 0.103800
1.0 0.223925 0.670411 0.111025 0.074376
1.0 0.161225 0.475889 0.086738 0.059665
2.0 0.489343 0.412138 0.033208 0.033510
2.0 0.643985 0.399061 0.013383 0.033510
3.0 0.663068 0.258074 0.038660 0.109521
