0.0 0.626563 0.429167 0.015625 0.026852
0.0 0.697656 0.472222 0.013021 0.029630
0.0 0.701042 0.493981 0.012500 0.034259
0.0 0.686719 0.502315 0.008854 0.032407
0.0 0.509115 0.353241 0.005729 0.026852
0.0 0.736458 0.300000 0.009375 0.025926
1.0 0.385156 0.282870 0.029688 0.037963
1.0 0.811719 0.393056 0.058854 0.041667
1.0 0.742188 0.427315 0.059375 0.045370
1.0 0.792188 0.357407 0.041667 0.035185
1.0 0.733073 0.383796 0.055729 0.045370
1.0 0.649479 0.473148 0.072917 0.051852
3.0 0.326562 0.230093 0.037500 0.052778
