0.0 0.420052 0.283333 0.017188 0.040741
0.0 0.233854 0.191667 0.013542 0.042593
0.0 0.402604 0.255093 0.007292 0.047222
1.0 0.311458 0.462037 0.093750 0.088889
1.0 0.634896 0.333333 0.053125 0.094444
1.0 0.406510 0.386111 0.066146 0.062963
1.0 0.129948 0.275926 0.070312 0.066667
1.0 0.773958 0.309722 0.038542 0.071296
1.0 0.573958 0.491204 0.076042 0.165741
1.0 0.795312 0.201389 0.036458 0.067593
1.0 0.565365 0.311111 0.068229 0.092593
1.0 0.102604 0.335185 0.063542 0.068519
1.0 0.714323 0.283796 0.057813 0.108333
1.0 0.676042 0.220833 0.041667 0.075000
2.0 0.065365 0.237500 0.023438 0.037963
