0.0 0.279427 0.338889 0.011979 0.050000
0.0 0.726562 0.439352 0.015625 0.054630
1.0 0.336458 0.880093 0.087500 0.215741
1.0 0.938802 0.240741 0.068229 0.064815
1.0 0.352083 0.296296 0.027083 0.053704
1.0 0.323958 0.430093 0.054167 0.112037
1.0 0.295312 0.141204 0.036458 0.063889
1.0 0.327865 0.098148 0.031771 0.055556
1.0 0.239062 0.382407 0.048958 0.094444
1.0 0.322656 0.214815 0.040104 0.074074
1.0 0.277083 0.575000 0.057292 0.131481
1.0 0.382031 0.223148 0.047396 0.077778
3.0 0.264583 0.051389 0.030208 0.062037
