0.0 0.122656 0.609259 0.016146 0.059259
0.0 0.824479 0.536111 0.015625 0.051852
0.0 0.132292 0.718981 0.017708 0.058333
0.0 0.238021 0.830556 0.021875 0.053704
1.0 0.328125 0.656481 0.083333 0.105556
1.0 0.806250 0.083333 0.028125 0.038889
1.0 0.639844 0.352778 0.031771 0.090741
1.0 0.810677 0.127778 0.059896 0.057407
1.0 0.684115 0.524537 0.058854 0.099074
1.0 0.766667 0.834722 0.100000 0.173148
1.0 0.492448 0.918519 0.088021 0.162963
1.0 0.938281 0.061111 0.023438 0.038889
1.0 0.891667 0.036111 0.062500 0.064815
3.0 0.042448 0.512500 0.084896 0.265741
3.0 0.697656 0.230556 0.080729 0.094444
