0.0 0.484115 0.269444 0.015104 0.035185
0.0 0.829687 0.162963 0.010417 0.042593
0.0 0.520833 0.255556 0.009375 0.046296
1.0 0.524740 0.939352 0.059896 0.119444
1.0 0.298438 0.148611 0.035417 0.062037
1.0 0.380469 0.215278 0.036979 0.067593
1.0 0.870052 0.275926 0.070312 0.066667
1.0 0.303385 0.704630 0.059896 0.140741
1.0 0.326302 0.216204 0.049479 0.100926
1.0 0.201302 0.184259 0.044271 0.075926
1.0 0.258073 0.475463 0.053646 0.126852
1.0 0.351302 0.147222 0.041146 0.070370
1.0 0.708594 0.450463 0.071354 0.080556
1.0 0.389844 0.657870 0.096354 0.217593
1.0 0.276302 0.088426 0.031771 0.052778
2.0 0.934635 0.237500 0.023438 0.037963
