0.0 0.231695 0.548400 0.013257 0.053240
0.0 0.466281 0.679686 0.007493 0.054451
0.0 0.221032 0.541745 0.012680 0.052030
0.0 0.167717 0.456440 0.016715 0.055661
0.0 0.157053 0.602851 0.026513 0.036300
0.0 0.502017 0.016469 0.005187 0.032939
1.0 0.594814 0.276755 0.061672 0.073810
1.0 0.183279 0.949046 0.113547 0.101909
1.0 0.418730 0.927265 0.080694 0.145469
1.0 0.897990 0.596195 0.075506 0.093170
1.0 0.122471 0.916981 0.118735 0.166039
1.0 0.105468 0.018889 0.035159 0.037779
2.0 0.769746 0.371135 0.034583 0.047190
2.0 0.941796 0.718406 0.054756 0.049610
3.0 0.560232 0.775276 0.074353 0.182711
