0.0 0.833594 0.307407 0.024479 0.048148
0.0 0.815365 0.266204 0.022396 0.049074
0.0 0.885417 0.112500 0.023958 0.043519
0.0 0.560417 0.091667 0.012500 0.055556
1.0 0.467969 0.910648 0.049479 0.175000
1.0 0.547396 0.627315 0.047917 0.208333
1.0 0.710417 0.657407 0.058333 0.201852
1.0 0.685156 0.326389 0.055729 0.167593
1.0 0.466667 0.617130 0.045833 0.186111
2.0 0.534115 0.110648 0.016146 0.067593
3.0 0.357292 0.765741 0.120833 0.466667
3.0 0.444271 0.074074 0.101042 0.148148
3.0 0.668229 0.052315 0.050000 0.104630
