0.0 0.029845 0.301466 0.012107 0.035623
0.0 0.973855 0.233695 0.014124 0.023459
0.0 0.804021 0.294515 0.012107 0.033885
0.0 0.365142 0.145071 0.008744 0.018246
0.0 0.808392 0.286695 0.014124 0.023459
1.0 0.258196 0.209801 0.036994 0.045181
1.0 0.258868 0.374450 0.050445 0.066902
1.0 0.223556 0.121612 0.024214 0.032148
1.0 0.841015 0.384442 0.082059 0.059082
1.0 0.279720 0.260194 0.038338 0.052132
1.0 0.303934 0.198072 0.030268 0.042574
1.0 0.241717 0.168530 0.034975 0.040837
1.0 0.940897 0.348819 0.085422 0.046918
1.0 0.328820 0.239342 0.046409 0.067771
