0.0 0.515683 0.269722 0.022023 0.037928
0.0 0.894069 0.180319 0.018019 0.041541
0.0 0.557058 0.262497 0.010010 0.045152
1.0 0.543712 0.721248 0.098101 0.175193
1.0 0.263425 0.201992 0.050051 0.068632
1.0 0.386550 0.286879 0.061397 0.074050
1.0 0.964553 0.281461 0.070894 0.065020
1.0 0.205365 0.533413 0.064733 0.104754
1.0 0.308137 0.286879 0.071406 0.111979
1.0 0.103262 0.136973 0.051386 0.065020
1.0 0.161655 0.365897 0.060061 0.098433
1.0 0.336500 0.202444 0.057393 0.076760
1.0 0.886061 0.396149 0.086087 0.072244
1.0 0.301464 0.496839 0.100770 0.159840
1.0 0.231058 0.134715 0.044045 0.056892
