0.0 0.510685 0.155440 0.015004 0.056751
0.0 0.768471 0.026374 0.012276 0.052747
0.0 0.538872 0.144629 0.006819 0.067560
1.0 0.529780 0.831048 0.066834 0.262137
1.0 0.338827 0.054098 0.034098 0.102692
1.0 0.422709 0.181112 0.041828 0.110800
1.0 0.823029 0.173006 0.061377 0.097288
1.0 0.299272 0.549995 0.044101 0.156741
1.0 0.369288 0.181112 0.048648 0.167551
1.0 0.269492 0.299344 0.040919 0.147283
1.0 0.388611 0.056100 0.039100 0.112200
1.0 0.763015 0.344611 0.058650 0.108097
1.0 0.364741 0.495270 0.068652 0.239166
2.0 0.879406 0.116930 0.020460 0.055400
