0.0 0.134115 0.274074 0.010938 0.035185
0.0 0.857292 0.221759 0.010417 0.025000
0.0 0.741406 0.275463 0.009896 0.034259
0.0 0.398438 0.127315 0.007292 0.019444
0.0 0.729167 0.277315 0.014583 0.028704
1.0 0.312240 0.190741 0.028646 0.048148
1.0 0.322396 0.407407 0.042708 0.079630
1.0 0.284115 0.087963 0.018229 0.033333
1.0 0.879687 0.102315 0.048958 0.052778
1.0 0.764062 0.376852 0.063542 0.062963
1.0 0.329167 0.243519 0.029167 0.055556
1.0 0.347917 0.178241 0.023958 0.045370
1.0 0.299740 0.145833 0.026563 0.043519
1.0 0.840885 0.338889 0.066146 0.050000
1.0 0.367188 0.221296 0.035417 0.072222
2.0 0.898438 0.547685 0.034375 0.043519
