0.0 0.156510 0.346759 0.009896 0.039815
0.0 0.914844 0.195370 0.009896 0.024074
0.0 0.676562 0.300463 0.010417 0.034259
0.0 0.380990 0.094907 0.006771 0.015741
0.0 0.683333 0.296296 0.014583 0.031481
1.0 0.312240 0.190741 0.028646 0.048148
1.0 0.497656 0.713426 0.053646 0.113889
1.0 0.280469 0.221296 0.029687 0.048148
1.0 0.289062 0.108333 0.019792 0.035185
1.0 0.764062 0.376852 0.063542 0.062963
1.0 0.329167 0.243519 0.029167 0.055556
1.0 0.319271 0.768056 0.035417 0.082407
1.0 0.868490 0.081019 0.039062 0.032407
1.0 0.283073 0.080093 0.018229 0.034259
1.0 0.347917 0.178241 0.023958 0.045370
1.0 0.312240 0.077778 0.020313 0.033333
1.0 0.299740 0.145833 0.026563 0.043519
1.0 0.840885 0.338889 0.066146 0.050000
1.0 0.367188 0.221296 0.035417 0.072222
2.0 0.898438 0.547685 0.034375 0.043519
