0.0 0.353899 0.313936 0.020284 0.058510
0.0 0.198479 0.454362 0.016447 0.058510
0.0 0.208072 0.505266 0.016995 0.071382
0.0 0.225615 0.536862 0.016995 0.076064
0.0 0.413381 0.191649 0.010965 0.057340
0.0 0.212732 0.105638 0.012061 0.056170
1.0 0.172164 0.358404 0.089909 0.098298
1.0 0.285097 0.442075 0.092101 0.108830
1.0 0.198479 0.274733 0.063594 0.080745
1.0 0.110489 0.216808 0.074009 0.084256
1.0 0.293321 0.337340 0.084426 0.105319
1.0 0.081707 0.291702 0.066883 0.086596
1.0 0.440792 0.484787 0.115126 0.098298
2.0 0.042510 0.168244 0.024670 0.047979
