0.0 0.841667 0.059722 0.006250 0.025000
0.0 0.396875 0.331019 0.012500 0.028704
0.0 0.614583 0.104630 0.007292 0.024074
0.0 0.569792 0.355093 0.013542 0.028704
1.0 0.085938 0.542593 0.085417 0.087037
1.0 0.670052 0.242130 0.032813 0.062037
1.0 0.751302 0.284259 0.032813 0.057407
1.0 0.630990 0.230556 0.032813 0.059259
1.0 0.660417 0.880556 0.055208 0.150000
1.0 0.121354 0.085648 0.039583 0.037963
1.0 0.144010 0.095370 0.045312 0.033333
1.0 0.568229 0.841667 0.044792 0.194444
2.0 0.122917 0.152315 0.008333 0.023148
