0.0 0.071615 0.210185 0.014062 0.044444
0.0 0.618490 0.255556 0.010937 0.046296
0.0 0.660156 0.351389 0.013021 0.049074
0.0 0.647917 0.369444 0.006250 0.029630
0.0 0.869792 0.150926 0.012500 0.044444
0.0 0.295312 0.331481 0.011458 0.050000
0.0 0.086458 0.263426 0.014583 0.023148
0.0 0.051042 0.101852 0.011458 0.038889
1.0 0.349740 0.149537 0.039062 0.063889
1.0 0.252344 0.443981 0.051563 0.108333
2.0 0.372135 0.649074 0.032813 0.059259
2.0 0.307812 0.180556 0.011458 0.037037
3.0 0.543490 0.657870 0.156771 0.178704
