0.0 0.199219 0.459722 0.010937 0.019444
0.0 0.354948 0.673148 0.007812 0.014815
0.0 0.711198 0.506481 0.009896 0.022222
0.0 0.634896 0.527315 0.008333 0.023148
0.0 0.625521 0.274537 0.005208 0.013889
1.0 0.576563 0.508796 0.048958 0.043519
1.0 0.740625 0.321759 0.038542 0.021296
1.0 0.517969 0.707870 0.070312 0.056481
1.0 0.650000 0.426852 0.041667 0.033333
1.0 0.566667 0.685185 0.066667 0.079630
2.0 0.668229 0.340741 0.017708 0.014815
2.0 0.134635 0.588889 0.045312 0.020370
3.0 0.358333 0.450926 0.069792 0.046296
3.0 0.450000 0.612500 0.061458 0.075000
