0.0 0.799740 0.643519 0.017188 0.040741
0.0 0.215365 0.537963 0.013021 0.042593
0.0 0.776042 0.713426 0.016667 0.043519
0.0 0.637760 0.768981 0.018229 0.037963
1.0 0.715885 0.599537 0.070312 0.065741
1.0 0.194792 0.148611 0.021875 0.030556
1.0 0.392188 0.434259 0.012500 0.077778
1.0 0.190885 0.181019 0.046354 0.041667
1.0 0.300521 0.602778 0.058333 0.090741
1.0 0.282813 0.761574 0.081250 0.134259
1.0 0.561719 0.703241 0.072396 0.126852
1.0 0.135937 0.121759 0.026042 0.043519
3.0 0.918750 0.509722 0.162500 0.206481
3.0 0.419792 0.331019 0.070833 0.078704
