0.0 0.489844 0.263426 0.016146 0.037963
0.0 0.189063 0.170833 0.010417 0.041667
0.0 0.456510 0.255556 0.013021 0.046296
1.0 0.469271 0.746296 0.068750 0.185185
1.0 0.685937 0.189815 0.038542 0.068519
1.0 0.592448 0.273148 0.047396 0.074074
1.0 0.129688 0.275463 0.069792 0.067593
1.0 0.727083 0.547222 0.051042 0.109259
1.0 0.652344 0.273148 0.054688 0.112963
1.0 0.808333 0.131481 0.040625 0.066667
1.0 0.762240 0.370833 0.047396 0.102778
1.0 0.629167 0.190741 0.044792 0.077778
1.0 0.206510 0.397685 0.067188 0.075000
1.0 0.651042 0.508796 0.079167 0.167593
1.0 0.710938 0.123148 0.034375 0.057407
2.0 0.065365 0.237037 0.023438 0.038889
