0.0 0.591406 0.289815 0.005729 0.050000
0.0 0.723437 0.213426 0.011458 0.041667
0.0 0.841667 0.553704 0.032292 0.037037
0.0 0.408594 0.080556 0.006771 0.037037
0.0 0.812760 0.603704 0.018229 0.062963
0.0 0.876563 0.143519 0.014583 0.040741
0.0 0.740365 0.223148 0.010938 0.044444
1.0 0.369010 0.190278 0.045312 0.076852
1.0 0.235937 0.106944 0.042708 0.071296
1.0 0.179167 0.067130 0.028125 0.043519
1.0 0.267708 0.520370 0.073958 0.170370
1.0 0.541667 0.493519 0.089583 0.122222
1.0 0.314063 0.781944 0.045833 0.100926
2.0 0.324219 0.226852 0.013021 0.038889
