0.0 0.871094 0.379167 0.017187 0.049074
0.0 0.644792 0.312037 0.010417 0.048148
0.0 0.053125 0.780556 0.031250 0.066667
0.0 0.293490 0.405556 0.006771 0.031481
0.0 0.783594 0.342593 0.006771 0.012963
0.0 0.707292 0.336574 0.015625 0.052778
1.0 0.529167 0.347685 0.076042 0.086111
1.0 0.693490 0.718056 0.072396 0.186111
1.0 0.263542 0.352315 0.088542 0.071296
2.0 0.787240 0.125000 0.011979 0.033333
2.0 0.582292 0.484259 0.020833 0.062963
2.0 0.283594 0.440741 0.035938 0.053704
3.0 0.776042 0.062037 0.041667 0.077778
3.0 0.746615 0.457870 0.102604 0.252778
