0.0 0.639583 0.556944 0.010417 0.039815
0.0 0.499479 0.652778 0.006250 0.042593
0.0 0.649219 0.575926 0.009896 0.042593
0.0 0.687500 0.401389 0.008333 0.039815
0.0 0.685937 0.541667 0.016667 0.037037
0.0 0.469531 0.135185 0.004688 0.029630
1.0 0.319531 0.394907 0.048438 0.067593
1.0 0.514844 0.924074 0.058854 0.151852
1.0 0.717187 0.903241 0.078125 0.175000
1.0 0.555469 0.859259 0.055729 0.155556
1.0 0.372917 0.470833 0.042708 0.063889
1.0 0.759115 0.849074 0.081771 0.168519
1.0 0.709115 0.147685 0.026563 0.039815
2.0 0.174740 0.485648 0.029688 0.041667
2.0 0.196354 0.673148 0.037500 0.038889
3.0 0.458333 0.718056 0.051042 0.145370
3.0 0.257812 0.537963 0.078125 0.116667
