0.0 0.929427 0.223148 0.013021 0.046296
0.0 0.400781 0.256944 0.014063 0.045370
0.0 0.321875 0.368519 0.013542 0.050000
0.0 0.340104 0.390278 0.008333 0.030556
0.0 0.116927 0.144444 0.011979 0.042593
0.0 0.704948 0.332870 0.011979 0.050926
0.0 0.907813 0.281481 0.014583 0.038889
0.0 0.944792 0.092593 0.013542 0.038889
1.0 0.649740 0.150000 0.039062 0.062963
1.0 0.760156 0.378241 0.047396 0.095370
2.0 0.684115 0.592593 0.027604 0.061111
2.0 0.691927 0.180556 0.011979 0.037037
3.0 0.536458 0.616667 0.143750 0.185185
