0.0 0.085677 0.158796 0.013021 0.032407
0.0 0.777344 0.203241 0.010938 0.041667
0.0 0.455729 0.290741 0.005208 0.044444
0.0 0.769271 0.207407 0.011458 0.040741
0.0 0.066927 0.214352 0.014062 0.041667
0.0 0.079427 0.195833 0.017188 0.025000
1.0 0.351562 0.159722 0.050000 0.084259
1.0 0.800000 0.396296 0.079167 0.079630
1.0 0.452604 0.607870 0.095833 0.106481
1.0 0.719531 0.674074 0.125521 0.100000
1.0 0.312240 0.183796 0.033854 0.067593
1.0 0.854688 0.866204 0.072917 0.182407
2.0 0.329688 0.114815 0.009375 0.016667
3.0 0.901823 0.255556 0.089063 0.090741
