0.0 0.076823 0.312963 0.011979 0.029630
0.0 0.912760 0.269907 0.011979 0.021296
0.0 0.779687 0.313889 0.011458 0.029630
0.0 0.382292 0.191204 0.008333 0.015741
0.0 0.764844 0.314815 0.017188 0.024074
1.0 0.283333 0.243056 0.033333 0.039815
1.0 0.294792 0.423611 0.048958 0.065741
1.0 0.250000 0.158796 0.020833 0.028704
1.0 0.939062 0.169907 0.057292 0.043519
1.0 0.804948 0.397222 0.073438 0.051852
1.0 0.302604 0.287963 0.034375 0.046296
1.0 0.323958 0.232870 0.027083 0.037963
1.0 0.268229 0.206944 0.031250 0.036111
1.0 0.894531 0.366204 0.076563 0.041667
1.0 0.346354 0.269444 0.041667 0.059259
2.0 0.960417 0.539815 0.039583 0.035185
