0.0 0.225887 0.616906 0.012037 0.031883
0.0 0.727607 0.467453 0.008754 0.027898
0.0 0.404435 0.562438 0.008024 0.029227
0.0 0.236647 0.632515 0.012401 0.032547
0.0 0.197801 0.599636 0.012766 0.031883
0.0 0.446564 0.207072 0.001824 0.018599
1.0 0.582252 0.412321 0.036110 0.033212
1.0 0.392032 0.298072 0.032098 0.031883
1.0 0.486139 0.799571 0.053983 0.116906
1.0 0.281512 0.332280 0.034287 0.032547
1.0 0.448569 0.748425 0.051066 0.107606
2.0 0.469361 0.333941 0.015320 0.021256
2.0 0.779584 0.619895 0.034652 0.027234
3.0 0.802928 0.519927 0.071857 0.086351
3.0 0.538117 0.651114 0.047053 0.100300
