0.0 0.128646 0.378704 0.017708 0.050000
0.0 0.373177 0.313426 0.011979 0.049074
0.0 0.923437 0.738426 0.028125 0.058333
0.0 0.705990 0.405556 0.006771 0.031481
0.0 0.215885 0.343056 0.006771 0.012037
0.0 0.273958 0.343981 0.011458 0.050926
1.0 0.444010 0.326389 0.071354 0.084259
1.0 0.305990 0.718056 0.072396 0.186111
1.0 0.686979 0.379167 0.092708 0.075000
2.0 0.202604 0.158333 0.012500 0.037037
2.0 0.393490 0.419444 0.019271 0.055556
2.0 0.661979 0.475926 0.035417 0.059259
3.0 0.230729 0.087037 0.043750 0.081481
3.0 0.253385 0.458796 0.102604 0.252778
