0.0 0.106250 0.610185 0.022917 0.033333
0.0 0.072396 0.532870 0.032292 0.028704
0.0 0.818750 0.390278 0.015625 0.034259
0.0 0.123698 0.576389 0.026563 0.034259
0.0 0.992708 0.675000 0.014583 0.037037
0.0 0.834635 0.419444 0.018229 0.027778
0.0 0.282292 0.479630 0.019792 0.031481
1.0 0.035156 0.702778 0.070312 0.070370
1.0 0.597917 0.392130 0.042708 0.060185
1.0 0.458073 0.300000 0.042188 0.055556
1.0 0.680990 0.495833 0.043229 0.093519
3.0 0.387500 0.242593 0.103125 0.159259
3.0 0.535156 0.210648 0.042188 0.084259
