0.0 0.657812 0.127315 0.005208 0.028704
0.0 0.184635 0.396296 0.011979 0.037037
0.0 0.923958 0.643519 0.018750 0.040741
1.0 0.377344 0.514352 0.061979 0.063889
1.0 0.267188 0.596759 0.086458 0.063889
1.0 0.816146 0.915278 0.128125 0.167593
1.0 0.718490 0.187963 0.047396 0.042593
1.0 0.392188 0.645370 0.078125 0.100000
1.0 0.688542 0.713889 0.085417 0.138889
2.0 0.479687 0.813889 0.025000 0.074074
3.0 0.545312 0.918981 0.113542 0.158333
3.0 0.541667 0.745370 0.086458 0.205556
3.0 0.230990 0.514352 0.104687 0.095370
