0 0.407813 0.290278 0.006250 0.049074
0 0.241146 0.196296 0.012500 0.044444
0 0.211458 0.504167 0.029167 0.037963
0 0.577083 0.095370 0.009375 0.018519
0 0.241406 0.530556 0.018229 0.059259
0 0.154948 0.157407 0.015104 0.040741
0 0.224740 0.210648 0.010937 0.045370
1 0.606250 0.245833 0.050000 0.086111
1 0.776823 0.061111 0.039062 0.064815
1 0.671615 0.833796 0.081771 0.210185
1 0.756771 0.390741 0.064583 0.133333
1 0.363281 0.406944 0.096354 0.080556
1 0.723698 0.585185 0.038021 0.079630
2 0.651563 0.294907 0.014583 0.043519