0.0 0.129167 0.211111 0.008333 0.031481
0.0 0.798958 0.244907 0.009375 0.023148
0.0 0.804948 0.254167 0.008854 0.036111
0.0 0.415365 0.160648 0.007812 0.019444
0.0 0.701042 0.289352 0.012500 0.026852
1.0 0.302865 0.158333 0.026562 0.042593
1.0 0.515365 0.682870 0.098438 0.099074
1.0 0.919010 0.157407 0.047396 0.035185
1.0 0.764062 0.376852 0.063542 0.062963
1.0 0.329167 0.243519 0.029167 0.055556
1.0 0.252344 0.081481 0.016146 0.029630
1.0 0.327083 0.121759 0.021875 0.039815
1.0 0.878646 0.084722 0.039583 0.037963
1.0 0.282813 0.078241 0.020833 0.036111
1.0 0.855990 0.094444 0.045312 0.033333
1.0 0.840885 0.338889 0.066146 0.050000
1.0 0.363542 0.212500 0.035417 0.069444
1.0 0.224740 0.131019 0.022396 0.036111
