0.0 0.863802 0.292130 0.010937 0.036111
0.0 0.129167 0.214352 0.009375 0.025000
0.0 0.269271 0.282870 0.008333 0.036111
0.0 0.604948 0.120833 0.007812 0.019444
0.0 0.257292 0.271759 0.012500 0.026852
1.0 0.687240 0.190741 0.028646 0.048148
1.0 0.689844 0.352778 0.038021 0.068519
1.0 0.713281 0.100000 0.019271 0.035185
1.0 0.086719 0.122222 0.053646 0.055556
1.0 0.235937 0.376852 0.063542 0.062963
1.0 0.670573 0.244444 0.029687 0.055556
1.0 0.651823 0.178241 0.023438 0.045370
1.0 0.700000 0.146759 0.027083 0.043519
1.0 0.158594 0.338889 0.066146 0.050000
1.0 0.632552 0.222222 0.035937 0.072222
2.0 0.101562 0.548148 0.034375 0.042593
