0.0 0.922135 0.185648 0.015104 0.037963
0.0 0.157812 0.157407 0.011458 0.042593
0.0 0.439583 0.277778 0.014583 0.046296
0.0 0.179948 0.168056 0.010937 0.043519
0.0 0.926562 0.243519 0.015625 0.044444
0.0 0.939583 0.122685 0.014583 0.025000
1.0 0.719271 0.098148 0.032292 0.055556
1.0 0.653385 0.135185 0.051562 0.090741
1.0 0.120573 0.347222 0.078646 0.079630
1.0 0.709115 0.307870 0.047396 0.076852
1.0 0.593750 0.572685 0.094792 0.126852
1.0 0.694271 0.161111 0.035417 0.072222
2.0 0.676302 0.087500 0.009896 0.017593
3.0 0.083594 0.238426 0.092188 0.097222
