0.0 0.461458 0.271296 0.017708 0.035185
0.0 0.843490 0.157870 0.010937 0.041667
0.0 0.504948 0.257407 0.005729 0.048148
1.0 0.288021 0.118981 0.033333 0.058333
1.0 0.365365 0.180556 0.034896 0.062963
1.0 0.870052 0.275926 0.070312 0.066667
1.0 0.333073 0.857870 0.069271 0.175000
1.0 0.313542 0.181481 0.046875 0.094444
1.0 0.210156 0.230093 0.047396 0.084259
1.0 0.276823 0.572222 0.060937 0.151852
1.0 0.338802 0.119444 0.039062 0.066667
1.0 0.641406 0.499074 0.072396 0.088889
1.0 0.430729 0.802778 0.114583 0.272222
1.0 0.267969 0.064815 0.029687 0.050000
2.0 0.934635 0.237500 0.023438 0.037963
