0.0 0.596875 0.289815 0.018750 0.040741
0.0 0.934115 0.786574 0.029687 0.069444
0.0 0.754687 0.194907 0.012500 0.043519
0.0 0.612240 0.254167 0.013021 0.045370
1.0 0.730990 0.435648 0.091146 0.086111
1.0 0.394271 0.387037 0.068750 0.098148
1.0 0.659115 0.382407 0.067188 0.066667
1.0 0.869792 0.275463 0.069792 0.067593
1.0 0.216667 0.260185 0.036458 0.064815
1.0 0.457292 0.579167 0.085417 0.189815
1.0 0.197396 0.164815 0.034375 0.061111
1.0 0.467187 0.339815 0.076042 0.094444
1.0 0.897135 0.334722 0.064063 0.069444
1.0 0.272917 0.237500 0.054167 0.097222
1.0 0.336719 0.256019 0.044271 0.082407
2.0 0.934115 0.237037 0.023438 0.038889
