0 0.524219 0.628704 0.009896 0.040741
0 0.379948 0.756481 0.015104 0.046296
0 0.571354 0.625463 0.009375 0.043519
0 0.650260 0.292130 0.008854 0.036111
0 0.785156 0.544907 0.014063 0.041667
0 0.846875 0.611574 0.017708 0.043519
0 0.585156 0.617130 0.016146 0.041667
0 0.342448 0.206944 0.006771 0.030556
1 0.432292 0.419907 0.065625 0.062037
1 0.752083 0.168056 0.020833 0.034259
1 0.626563 0.593056 0.066667 0.104630
1 0.606250 0.328241 0.044792 0.049074
1 0.638542 0.492130 0.054167 0.089815
1 0.712760 0.190278 0.036979 0.041667
2 0.412760 0.667593 0.031771 0.048148
3 0.805469 0.160648 0.102604 0.115741
3 0.528906 0.357407 0.070312 0.083333