0.0 0.438021 0.276389 0.018750 0.034259
0.0 0.866406 0.147685 0.013021 0.039815
0.0 0.477344 0.270370 0.008854 0.046296
1.0 0.279167 0.095833 0.031250 0.054630
1.0 0.351562 0.150000 0.033333 0.059259
1.0 0.870052 0.275926 0.070312 0.066667
1.0 0.302083 0.150000 0.043750 0.088889
1.0 0.224740 0.305556 0.052604 0.100000
1.0 0.310677 0.746759 0.074479 0.202778
1.0 0.328125 0.095370 0.037500 0.062963
1.0 0.564844 0.617593 0.065104 0.122222
1.0 0.479167 0.942593 0.093750 0.112963
2.0 0.934635 0.237500 0.023438 0.037963
