0.0 0.221211 0.288541 0.006047 0.015701
0.0 0.675377 0.379203 0.008869 0.014688
0.0 0.796529 0.339950 0.007660 0.018233
0.0 0.435897 0.318424 0.006450 0.014688
0.0 0.542937 0.409085 0.009273 0.016714
1.0 0.820516 0.523299 0.066119 0.047610
1.0 0.427631 0.497974 0.039107 0.057740
1.0 0.284911 0.285249 0.016530 0.018233
1.0 0.479237 0.451377 0.051202 0.041532
1.0 0.330267 0.263470 0.013707 0.017220
1.0 0.312125 0.415163 0.023383 0.030895
1.0 0.793102 0.273347 0.030640 0.020766
1.0 0.775564 0.278665 0.035075 0.018233
1.0 0.653001 0.451124 0.058459 0.031909
1.0 0.326236 0.478221 0.030640 0.046597
