0.0 0.779948 0.225000 0.006771 0.042593
0.0 0.228385 0.169444 0.007812 0.029630
0.0 0.311979 0.228704 0.006250 0.044444
0.0 0.576823 0.055093 0.006771 0.023148
0.0 0.322656 0.229630 0.010937 0.033333
1.0 0.643229 0.128704 0.021875 0.057407
1.0 0.632552 0.412963 0.032813 0.100000
1.0 0.666406 0.009722 0.013021 0.019444
1.0 0.214583 0.023611 0.037500 0.047222
1.0 0.297135 0.351852 0.048438 0.075926
1.0 0.630729 0.193519 0.022917 0.066667
1.0 0.616146 0.113889 0.017708 0.053704
1.0 0.653125 0.076389 0.020833 0.052778
1.0 0.157812 0.081019 0.042708 0.050926
1.0 0.237760 0.306481 0.050521 0.059259
1.0 0.601302 0.166667 0.027604 0.087037
2.0 0.194010 0.556944 0.026563 0.050926
