0.0 0.521053 0.220910 0.009474 0.048685
0.0 0.645660 0.111651 0.006053 0.054346
0.0 0.534737 0.200531 0.003684 0.057743
1.0 0.546579 0.573594 0.045264 0.156245
1.0 0.416051 0.189774 0.021579 0.097371
1.0 0.489079 0.314883 0.031316 0.093974
1.0 0.686977 0.226005 0.035527 0.081520
1.0 0.371709 0.393572 0.022369 0.106428
1.0 0.439736 0.336396 0.032106 0.164170
1.0 0.339076 0.012801 0.018684 0.025603
1.0 0.358024 0.227703 0.020790 0.100766
1.0 0.446973 0.190340 0.025000 0.107560
1.0 0.685529 0.321111 0.032632 0.086048
1.0 0.405525 0.355076 0.034211 0.160773
1.0 0.401446 0.093537 0.018684 0.079255
2.0 0.719608 0.179018 0.011843 0.046421
