0.0 0.566451 0.313098 0.004141 0.044461
0.0 0.717614 0.213472 0.008283 0.039521
0.0 0.657187 0.425487 0.016943 0.028817
0.0 0.440702 0.136077 0.005647 0.024701
0.0 0.643068 0.444012 0.009789 0.049402
0.0 0.727591 0.208120 0.007906 0.038698
0.0 0.741898 0.218824 0.010166 0.038698
1.0 0.536897 0.395433 0.060239 0.074102
1.0 0.323424 0.465419 0.038403 0.100449
1.0 0.288786 0.242289 0.035390 0.082336
1.0 0.732486 0.327096 0.059110 0.057635
1.0 0.302716 0.345621 0.020331 0.050224
2.0 0.450679 0.522231 0.016566 0.059282
