0.0 0.867969 0.268519 0.014062 0.031481
0.0 0.565885 0.598611 0.014062 0.052778
0.0 0.466667 0.086574 0.009375 0.030556
0.0 0.766667 0.269444 0.010417 0.040741
1.0 0.353906 0.075000 0.034896 0.079630
1.0 0.062240 0.877778 0.092188 0.198148
1.0 0.867188 0.806019 0.147917 0.117593
1.0 0.824740 0.691204 0.118229 0.084259
1.0 0.168490 0.864815 0.104687 0.201852
2.0 0.889062 0.393056 0.039583 0.036111
2.0 0.391667 0.099537 0.010417 0.041667
2.0 0.920573 0.464815 0.031771 0.037037
3.0 0.243490 0.188889 0.039062 0.081481
