0.0 0.371615 0.421296 0.020313 0.022222
0.0 0.232292 0.497222 0.016667 0.031481
0.0 0.228385 0.512037 0.019271 0.031481
0.0 0.225000 0.535185 0.017708 0.029630
0.0 0.379687 0.369907 0.012500 0.023148
0.0 0.278646 0.344444 0.011458 0.024074
1.0 0.206771 0.440741 0.080208 0.040741
1.0 0.307812 0.475463 0.082292 0.045370
1.0 0.230469 0.405556 0.056771 0.033333
1.0 0.151823 0.381481 0.066146 0.035185
1.0 0.162500 0.652778 0.113542 0.094444
1.0 0.315365 0.431944 0.075521 0.043519
1.0 0.126302 0.412500 0.059896 0.036111
1.0 0.446875 0.493519 0.103125 0.040741
2.0 0.091146 0.361111 0.021875 0.020370
