0 0.698438 0.113426 0.007292 0.026852
0 0.159115 0.352315 0.008854 0.021296
0 0.842969 0.542130 0.017188 0.043519
1 0.214062 0.537963 0.065625 0.068519
1 0.104167 0.662963 0.102083 0.090741
1 0.719010 0.188426 0.047396 0.041667
1 0.254427 0.598611 0.088021 0.067593
1 0.786198 0.896759 0.108854 0.184259
2 0.402604 0.656481 0.031250 0.048148
2 0.209115 0.477315 0.036979 0.036111
3 0.545573 0.919907 0.114062 0.158333
3 0.200260 0.418056 0.129688 0.115741
3 0.372135 0.499074 0.094271 0.100000
3 0.056771 0.609722 0.113542 0.113889