0.0 0.331250 0.384722 0.020833 0.047222
0.0 0.234375 0.453241 0.017708 0.050926
0.0 0.230990 0.489815 0.017188 0.055556
0.0 0.252604 0.504167 0.014583 0.050926
0.0 0.076302 0.678241 0.025521 0.060185
0.0 0.506771 0.262963 0.012500 0.044444
0.0 0.169792 0.163426 0.010417 0.043519
1.0 0.651042 0.146296 0.040625 0.064815
1.0 0.052344 0.306481 0.076563 0.066667
1.0 0.141146 0.360185 0.077083 0.074074
1.0 0.080469 0.248148 0.055729 0.057407
1.0 0.156250 0.290278 0.072917 0.073148
1.0 0.259896 0.432407 0.094792 0.081481
3.0 0.724219 0.074074 0.052604 0.092593
