0.0 0.337760 0.381019 0.020313 0.047222
0.0 0.233854 0.459722 0.017708 0.049074
0.0 0.230469 0.493519 0.018229 0.057407
0.0 0.248698 0.505093 0.014063 0.056481
0.0 0.470052 0.256019 0.014063 0.045370
0.0 0.194271 0.173611 0.013542 0.043519
1.0 0.664844 0.114815 0.038021 0.059259
1.0 0.109896 0.340741 0.080208 0.072222
1.0 0.208333 0.400926 0.081250 0.079630
1.0 0.139844 0.281019 0.057813 0.060185
1.0 0.061979 0.238426 0.066667 0.062037
1.0 0.222656 0.326852 0.076563 0.077778
1.0 0.343229 0.478704 0.106250 0.081481
