0.0 0.825521 0.276389 0.022917 0.043519
0.0 0.805990 0.228241 0.020313 0.041667
0.0 0.879167 0.088889 0.022917 0.048148
0.0 0.560417 0.091204 0.012500 0.054630
1.0 0.609635 0.268056 0.050521 0.163889
1.0 0.467969 0.910648 0.049479 0.175000
1.0 0.547396 0.627315 0.047917 0.208333
1.0 0.702344 0.543519 0.055729 0.190741
1.0 0.678385 0.231481 0.053646 0.161111
1.0 0.466667 0.617130 0.045833 0.186111
2.0 0.535417 0.158796 0.015625 0.067593
3.0 0.357292 0.765741 0.120833 0.466667
3.0 0.451042 0.097685 0.105208 0.195370
