0 0.162500 0.376852 0.011458 0.035185
0 0.378125 0.747222 0.007292 0.025926
0 0.739583 0.459722 0.010417 0.039815
0 0.647917 0.552315 0.009375 0.041667
0 0.668490 0.078704 0.005729 0.025926
1 0.648958 0.637500 0.062500 0.100926
1 0.814323 0.144907 0.041146 0.037963
1 0.519792 0.917593 0.077083 0.162963
1 0.651302 0.480093 0.035937 0.087963
1 0.525260 0.721296 0.063021 0.124074
2 0.723958 0.185185 0.018750 0.025926
2 0.100781 0.667130 0.049479 0.037963
3 0.463542 0.419907 0.076042 0.087963
3 0.445573 0.710648 0.067187 0.139815