0.0 0.100732 0.282490 0.011044 0.018565
0.0 0.771781 0.326143 0.010564 0.023583
0.0 0.380916 0.394632 0.009604 0.027095
0.0 0.738648 0.334672 0.011524 0.024586
0.0 0.086567 0.346966 0.015366 0.015053
1.0 0.358588 0.302310 0.047537 0.049172
1.0 0.601798 0.492725 0.087393 0.047666
1.0 0.734567 0.598343 0.104199 0.058203
1.0 0.888463 0.533868 0.096036 0.061716
1.0 0.841166 0.701202 0.070587 0.107375
1.0 0.320894 0.316359 0.032652 0.039137
2.0 0.337460 0.276469 0.009124 0.009534
3.0 0.805393 0.383092 0.088352 0.056196
