0 0.209635 0.571296 0.016146 0.040741
0 0.169531 0.412500 0.011979 0.037963
0 0.217708 0.669444 0.014583 0.046296
0 0.853906 0.602778 0.019271 0.046296
0 0.357812 0.762500 0.017708 0.041667
0 0.486198 0.712963 0.011979 0.044444
1 0.763021 0.706944 0.089583 0.132407
1 0.153906 0.448611 0.013021 0.030556
1 0.915625 0.941667 0.098958 0.114815
1 0.717187 0.762037 0.081250 0.135185
1 0.155990 0.633333 0.095312 0.088889
1 0.461719 0.576389 0.064062 0.106481
3 0.081250 0.510185 0.162500 0.207407
3 0.345833 0.454167 0.090625 0.093519