0.0 0.077083 0.246759 0.018750 0.036111
0.0 0.899740 0.131481 0.013021 0.040741
0.0 0.662240 0.380556 0.010938 0.053704
0.0 0.890365 0.135648 0.014062 0.041667
0.0 0.104167 0.313889 0.014583 0.048148
1.0 0.284115 0.109259 0.032813 0.055556
1.0 0.535417 0.725463 0.062500 0.145370
1.0 0.346615 0.134259 0.051562 0.090741
1.0 0.879167 0.346296 0.079167 0.079630
1.0 0.232292 0.094444 0.033333 0.046296
1.0 0.270573 0.232870 0.041146 0.073148
1.0 0.305208 0.160648 0.035417 0.071296
2.0 0.323438 0.087037 0.010417 0.018519
2.0 0.316146 0.786574 0.026042 0.091667
3.0 0.915885 0.237963 0.092188 0.096296
