0.0 0.407552 0.300000 0.014063 0.053704
0.0 0.263021 0.671759 0.014583 0.073148
0.0 0.197917 0.875000 0.021875 0.085185
0.0 0.360417 0.161574 0.007292 0.054630
0.0 0.383333 0.178704 0.006250 0.055556
1.0 0.290625 0.364352 0.057292 0.093519
1.0 0.439583 0.483333 0.066667 0.090741
1.0 0.311719 0.288426 0.041146 0.075000
1.0 0.251042 0.230093 0.046875 0.080556
1.0 0.705990 0.063889 0.020313 0.061111
1.0 0.430208 0.963889 0.077083 0.072222
1.0 0.435677 0.362037 0.055729 0.090741
1.0 0.232812 0.301389 0.042708 0.082407
1.0 0.674219 0.044444 0.028646 0.088889
1.0 0.570573 0.365278 0.050521 0.121296
2.0 0.207813 0.183796 0.015625 0.045370
