0.0 0.789583 0.570370 0.015625 0.040741
0.0 0.779687 0.687037 0.014583 0.044444
0.0 0.124740 0.630556 0.022396 0.048148
0.0 0.617188 0.749074 0.017708 0.044444
0.0 0.495573 0.682870 0.008854 0.039815
1.0 0.148438 0.187037 0.016667 0.027778
1.0 0.198437 0.768519 0.097917 0.146296
1.0 0.800521 0.431019 0.018750 0.039815
1.0 0.252865 0.817593 0.088021 0.148148
1.0 0.843490 0.632407 0.095313 0.088889
1.0 0.562240 0.548148 0.070312 0.094444
3.0 0.891146 0.487037 0.193750 0.201852
3.0 0.701563 0.478704 0.095833 0.096296
