0.0 0.133854 0.173611 0.005208 0.015741
0.0 0.803385 0.247685 0.011979 0.026852
0.0 0.816406 0.241667 0.009896 0.035185
0.0 0.428385 0.186111 0.008854 0.020370
0.0 0.659115 0.307407 0.013021 0.027778
1.0 0.286198 0.100000 0.022396 0.035185
1.0 0.742448 0.661111 0.095312 0.107407
1.0 0.876042 0.126852 0.038542 0.037037
1.0 0.760417 0.378704 0.063542 0.062963
1.0 0.315365 0.197222 0.026562 0.048148
1.0 0.261979 0.140741 0.020833 0.035185
1.0 0.310937 0.068519 0.016667 0.033333
1.0 0.878646 0.085648 0.039583 0.037963
1.0 0.855990 0.094907 0.045312 0.032407
1.0 0.841406 0.338889 0.066146 0.050000
1.0 0.336198 0.140278 0.029687 0.058333
1.0 0.235677 0.203241 0.026562 0.045370
