0.0 0.538759 0.705499 0.013821 0.048543
0.0 0.712721 0.791258 0.018027 0.047465
0.0 0.431197 0.653719 0.012618 0.044228
0.0 0.334450 0.238407 0.007812 0.022653
0.0 0.184224 0.545846 0.018628 0.048543
0.0 0.145465 0.585759 0.015624 0.050701
0.0 0.458838 0.709814 0.024637 0.046386
0.0 0.733752 0.174222 0.007211 0.017260
1.0 0.524938 0.379181 0.072710 0.069039
1.0 0.435402 0.488134 0.076315 0.090614
1.0 0.334450 0.276702 0.049875 0.056094
1.0 0.363293 0.413701 0.040261 0.088456
1.0 0.259638 0.139164 0.032449 0.048543
2.0 0.498498 0.939585 0.030646 0.096007
3.0 0.191735 0.125679 0.122585 0.140235
3.0 0.421883 0.310143 0.079320 0.094928
