0.0 0.070312 0.130556 0.014583 0.035185
0.0 0.787240 0.181481 0.010938 0.044444
0.0 0.449740 0.278704 0.011979 0.048148
0.0 0.777865 0.186111 0.011979 0.044444
0.0 0.051042 0.189352 0.014583 0.043519
0.0 0.064062 0.178241 0.017708 0.026852
1.0 0.346615 0.134259 0.051562 0.090741
1.0 0.806771 0.391667 0.082292 0.085185
1.0 0.461979 0.624537 0.103125 0.110185
1.0 0.737240 0.684259 0.129688 0.105556
1.0 0.305208 0.160648 0.035417 0.071296
1.0 0.868490 0.880093 0.078646 0.191667
2.0 0.323438 0.087037 0.010417 0.018519
3.0 0.915885 0.237963 0.092188 0.096296
