0.0 0.468490 0.268519 0.017188 0.038889
0.0 0.203646 0.178241 0.011458 0.041667
0.0 0.440365 0.255556 0.011979 0.046296
1.0 0.434115 0.612963 0.085938 0.144444
1.0 0.673437 0.224537 0.041667 0.076852
1.0 0.552344 0.325000 0.057813 0.079630
1.0 0.129688 0.275463 0.069792 0.067593
1.0 0.745313 0.455556 0.046875 0.094444
1.0 0.631510 0.330093 0.059896 0.125000
1.0 0.815365 0.097222 0.038021 0.062963
1.0 0.774740 0.306481 0.043229 0.088889
1.0 0.614323 0.224537 0.047396 0.082407
1.0 0.154688 0.366667 0.065625 0.072222
1.0 0.675260 0.420833 0.071354 0.141667
1.0 0.701042 0.150926 0.036458 0.062963
2.0 0.065365 0.237037 0.023438 0.038889
