0.0 0.358594 0.772685 0.009896 0.025000
0.0 0.742188 0.485648 0.009375 0.039815
0.0 0.647135 0.551389 0.008854 0.043519
0.0 0.652865 0.079167 0.006771 0.025000
1.0 0.618490 0.581019 0.057812 0.091667
1.0 0.784115 0.157407 0.042187 0.038889
1.0 0.519792 0.917593 0.077083 0.162963
1.0 0.649219 0.407870 0.033854 0.075000
1.0 0.551823 0.789352 0.068229 0.137963
2.0 0.706771 0.193519 0.018750 0.025926
2.0 0.100260 0.667130 0.049479 0.037963
3.0 0.398438 0.406481 0.075000 0.079630
3.0 0.445312 0.709722 0.066667 0.139815
