0.0 0.895312 0.350926 0.020833 0.040741
0.0 0.061458 0.110185 0.013542 0.038889
0.0 0.866927 0.375463 0.017188 0.052778
1.0 0.637500 0.325926 0.048958 0.094444
1.0 0.207292 0.398611 0.067708 0.075000
1.0 0.777083 0.292130 0.042708 0.078704
1.0 0.522396 0.342593 0.109375 0.120370
1.0 0.120573 0.347222 0.078646 0.079630
1.0 0.627604 0.194444 0.042708 0.075926
1.0 0.522135 0.452315 0.077604 0.106481
1.0 0.285677 0.362037 0.083854 0.074074
2.0 0.598958 0.268056 0.012500 0.037963
2.0 0.790104 0.195833 0.013542 0.041667
3.0 0.657552 0.491667 0.081771 0.172222
3.0 0.083594 0.238426 0.092188 0.097222
