0.0 0.637760 0.352315 0.020313 0.045370
0.0 0.785677 0.472222 0.016146 0.053704
0.0 0.779427 0.506944 0.016146 0.056481
0.0 0.764063 0.533796 0.015625 0.060185
0.0 0.593750 0.255093 0.008333 0.045370
0.0 0.764063 0.192593 0.011458 0.044444
1.0 0.811458 0.387963 0.085417 0.077778
1.0 0.704167 0.454167 0.087500 0.086111
1.0 0.786458 0.321759 0.060417 0.063889
1.0 0.870052 0.275926 0.070312 0.066667
1.0 0.696354 0.371296 0.080208 0.083333
1.0 0.897396 0.335185 0.063542 0.068519
1.0 0.556250 0.487963 0.109375 0.077778
2.0 0.934635 0.237500 0.023438 0.037963
