0.0 0.930208 0.128241 0.014583 0.034259
0.0 0.212240 0.183333 0.010937 0.044444
0.0 0.560417 0.281481 0.006250 0.048148
0.0 0.222135 0.186574 0.010937 0.043519
0.0 0.949219 0.185648 0.014063 0.043519
0.0 0.938281 0.183796 0.018229 0.026852
1.0 0.653385 0.135185 0.051562 0.090741
1.0 0.207813 0.400463 0.083333 0.086111
1.0 0.513281 0.640741 0.104688 0.112963
1.0 0.241667 0.677315 0.127083 0.115741
1.0 0.694271 0.161111 0.035417 0.072222
1.0 0.127083 0.856019 0.077083 0.186111
2.0 0.676302 0.087500 0.009896 0.017593
3.0 0.083594 0.238426 0.092188 0.097222
