0.0 0.150357 0.132118 0.011196 0.039557
0.0 0.763309 0.145469 0.009904 0.046480
0.0 0.509689 0.245350 0.005598 0.050435
0.0 0.746730 0.155852 0.009473 0.047468
0.0 0.139593 0.198871 0.013779 0.048457
0.0 0.137870 0.118768 0.012056 0.028679
1.0 0.306663 0.027785 0.024974 0.052413
1.0 0.373190 0.110361 0.042628 0.096916
1.0 0.813688 0.336826 0.065020 0.085048
1.0 0.353598 0.421380 0.042199 0.105816
1.0 0.522176 0.674052 0.100328 0.126584
1.0 0.339388 0.138051 0.029281 0.077136
2.0 0.354244 0.059431 0.008181 0.018790
3.0 0.844260 0.220627 0.076216 0.103838
