0.0 0.396615 0.313426 0.006771 0.043519
0.0 0.208333 0.230556 0.013542 0.038889
0.0 0.180208 0.501852 0.032292 0.033333
0.0 0.585677 0.141204 0.008854 0.013889
0.0 0.211198 0.522685 0.016146 0.050926
0.0 0.115885 0.196759 0.015104 0.036111
0.0 0.190365 0.241667 0.011979 0.040741
1.0 0.610417 0.277315 0.043750 0.076852
1.0 0.809896 0.109259 0.042708 0.057407
1.0 0.694010 0.786111 0.090104 0.183333
1.0 0.787760 0.398148 0.071354 0.116667
1.0 0.342187 0.414352 0.108333 0.069444
1.0 0.751302 0.568981 0.042187 0.069444
2.0 0.667708 0.331481 0.016667 0.018519
