0.0 0.105705 0.222778 0.013039 0.051337
0.0 0.909318 0.102135 0.010205 0.028235
0.0 0.742643 0.201601 0.009070 0.050054
0.0 0.753698 0.189408 0.016441 0.041071
1.0 0.296191 0.071332 0.031181 0.066739
1.0 0.286271 0.256789 0.039684 0.088557
1.0 0.971383 0.017698 0.057234 0.035395
1.0 0.787430 0.329303 0.069165 0.087274
1.0 0.314333 0.145771 0.032314 0.077007
1.0 0.334742 0.054006 0.025512 0.062888
1.0 0.282302 0.020265 0.029480 0.040529
1.0 0.871617 0.276682 0.071999 0.069306
1.0 0.355718 0.114969 0.039117 0.100108
2.0 0.933696 0.566738 0.037417 0.059039
