0.0 0.750795 0.404051 0.014331 0.036621
0.0 0.740388 0.401488 0.011260 0.041749
1.0 0.560566 0.461181 0.038558 0.095216
1.0 0.308236 0.419798 0.044358 0.059327
1.0 0.692617 0.266720 0.024909 0.052003
1.0 0.450523 0.404051 0.077115 0.076173
1.0 0.251423 0.379148 0.051524 0.062990
1.0 0.568755 0.298580 0.031051 0.067384
1.0 0.445917 0.484619 0.052889 0.068849
1.0 0.310112 0.358274 0.051524 0.054932
2.0 0.535828 0.362669 0.014331 0.032960
2.0 0.683575 0.201167 0.007507 0.029297
3.0 0.628469 0.382444 0.044699 0.109133
3.0 0.227196 0.293088 0.060396 0.076905
