0.0 0.340625 0.477778 0.011458 0.040741
0.0 0.283333 0.483796 0.015625 0.039815
0.0 0.694010 0.515741 0.016146 0.046296
0.0 0.250781 0.370833 0.011979 0.047222
0.0 0.600260 0.062500 0.006771 0.039815
1.0 0.473698 0.115741 0.027604 0.079630
1.0 0.478906 0.224074 0.029687 0.083333
1.0 0.427083 0.941667 0.050000 0.114815
1.0 0.514844 0.050926 0.027604 0.074074
1.0 0.547135 0.388889 0.038021 0.096296
3.0 0.583073 0.138889 0.076563 0.224074
3.0 0.427344 0.482870 0.049479 0.158333
3.0 0.487240 0.353241 0.040104 0.165741
