0.0 0.592187 0.290278 0.006250 0.049074
0.0 0.737500 0.205556 0.011458 0.044444
0.0 0.820052 0.534722 0.030729 0.039815
0.0 0.414323 0.087500 0.008854 0.036111
0.0 0.792187 0.575463 0.022917 0.062037
0.0 0.866927 0.149074 0.011979 0.040741
0.0 0.752344 0.220370 0.013021 0.046296
1.0 0.377344 0.208333 0.046354 0.079630
1.0 0.231250 0.090741 0.040625 0.068519
1.0 0.354167 0.944444 0.073958 0.109259
1.0 0.176562 0.052778 0.027083 0.042593
1.0 0.258333 0.471296 0.069792 0.155556
1.0 0.572917 0.456944 0.094792 0.104630
1.0 0.298958 0.706481 0.041667 0.092593
2.0 0.331250 0.246296 0.013542 0.040741
