0.0 0.842296 0.436737 0.023025 0.032252
0.0 0.890594 0.320546 0.015164 0.029771
1.0 0.115865 0.138611 0.047174 0.031425
1.0 0.023113 0.210145 0.046227 0.037214
1.0 0.036398 0.223790 0.063461 0.038041
1.0 0.733907 0.125380 0.021903 0.034733
1.0 0.056336 0.539694 0.092103 0.079390
1.0 0.125693 0.148948 0.037627 0.025637
1.0 0.699087 0.130755 0.025273 0.035560
2.0 0.066163 0.377194 0.023025 0.030598
2.0 0.111372 0.344115 0.021341 0.028944
3.0 0.106880 0.110494 0.029203 0.046311
3.0 0.125693 0.399936 0.070200 0.066158
