0.0 0.519890 0.327582 0.014466 0.027169
0.0 0.211370 0.245728 0.012206 0.030652
0.0 0.484631 0.316437 0.005425 0.035528
1.0 0.677427 0.229706 0.030287 0.045978
1.0 0.607361 0.278470 0.032095 0.050158
1.0 0.178822 0.331414 0.061026 0.050158
1.0 0.664318 0.682170 0.053793 0.112158
1.0 0.653695 0.279515 0.042492 0.074540
1.0 0.757213 0.271503 0.038876 0.058518
1.0 0.705907 0.499652 0.048369 0.099619
1.0 0.632223 0.228661 0.034807 0.052247
1.0 0.334552 0.471438 0.062382 0.061304
1.0 0.587018 0.645597 0.087245 0.172766
1.0 0.695735 0.185817 0.027123 0.039012
2.0 0.122769 0.302504 0.020342 0.028562
