0.0 0.277396 0.671673 0.013836 0.050300
0.0 0.722196 0.545926 0.009767 0.048113
0.0 0.305884 0.780473 0.011394 0.051393
0.0 0.422679 0.802889 0.014650 0.048113
1.0 0.273327 0.631762 0.056160 0.084196
1.0 0.770421 0.067535 0.017499 0.031711
1.0 0.606825 0.485785 0.041916 0.104973
1.0 0.770217 0.101980 0.030928 0.048113
1.0 0.689640 0.706665 0.052090 0.120281
1.0 0.669699 0.809450 0.063485 0.159645
1.0 0.395413 0.646524 0.062671 0.107160
1.0 0.571624 0.926047 0.063485 0.147905
3.0 0.172810 0.512028 0.126969 0.244935
3.0 0.511802 0.341448 0.058601 0.098411
