0.0 0.394792 0.578241 0.015625 0.037963
0.0 0.510417 0.656944 0.013542 0.039815
0.0 0.382552 0.611111 0.014063 0.040741
0.0 0.310156 0.342130 0.008854 0.037963
0.0 0.214844 0.544907 0.014063 0.041667
0.0 0.056771 0.713426 0.025000 0.047222
0.0 0.327604 0.571759 0.020833 0.034259
0.0 0.590365 0.170833 0.004687 0.025000
1.0 0.945052 0.495370 0.078646 0.075926
1.0 0.755990 0.518519 0.080729 0.074074
1.0 0.205990 0.154630 0.040104 0.037037
1.0 0.270833 0.782870 0.088542 0.143519
1.0 0.383594 0.935185 0.081771 0.127778
1.0 0.492969 0.380556 0.048438 0.053704
1.0 0.218229 0.737963 0.093750 0.138889
1.0 0.287240 0.190278 0.036979 0.041667
2.0 0.828906 0.622222 0.045312 0.042593
3.0 0.129948 0.125463 0.009896 0.041667
3.0 0.525000 0.788426 0.064583 0.162037
3.0 0.611719 0.430556 0.081771 0.094444
