0.0 0.178906 0.383333 0.013021 0.037037
0.0 0.587240 0.586574 0.009896 0.043519
0.0 0.182031 0.412500 0.011979 0.039815
0.0 0.200260 0.518519 0.011979 0.042593
1.0 0.405208 0.333796 0.029167 0.039815
1.0 0.653385 0.256944 0.054688 0.049074
1.0 0.794010 0.228704 0.039062 0.040741
1.0 0.064062 0.613426 0.106250 0.089815
1.0 0.784115 0.879630 0.102604 0.174074
1.0 0.629687 0.599074 0.063542 0.103704
1.0 0.715365 0.189815 0.040104 0.040741
1.0 0.740365 0.216667 0.043229 0.040741
1.0 0.533594 0.267593 0.060937 0.068519
3.0 0.073438 0.668981 0.100000 0.106481
