0.0 0.826042 0.448148 0.011458 0.038889
0.0 0.661719 0.893519 0.008854 0.033333
0.0 0.289062 0.531019 0.012500 0.039815
0.0 0.351562 0.552315 0.009375 0.041667
0.0 0.378646 0.080556 0.005208 0.025926
1.0 0.456771 0.459722 0.054167 0.069444
1.0 0.260156 0.179167 0.043229 0.041667
1.0 0.479687 0.917593 0.077083 0.162963
1.0 0.304167 0.331481 0.055208 0.051852
1.0 0.426042 0.845370 0.072917 0.150000
2.0 0.341667 0.215741 0.020833 0.027778
2.0 0.899219 0.667130 0.049479 0.037963
3.0 0.712240 0.422685 0.081771 0.099074
3.0 0.554167 0.709722 0.066667 0.139815
