0.0 0.707031 0.432407 0.022396 0.048148
0.0 0.765365 0.453704 0.017188 0.050000
0.0 0.725521 0.436574 0.014583 0.058333
0.0 0.702083 0.441667 0.014583 0.053704
0.0 0.839844 0.570370 0.021354 0.057407
0.0 0.414062 0.292130 0.008333 0.047222
0.0 0.872135 0.144444 0.010937 0.042593
1.0 0.348958 0.146296 0.040625 0.064815
1.0 0.354688 0.949537 0.064583 0.099074
1.0 0.308854 0.054167 0.032292 0.050926
1.0 0.939844 0.237037 0.068229 0.066667
1.0 0.878125 0.348611 0.083333 0.069444
3.0 0.300000 0.143056 0.060417 0.104630
