0.0 0.487760 0.267130 0.017187 0.034259
0.0 0.824740 0.166204 0.011979 0.041667
0.0 0.526042 0.255556 0.011458 0.046296
1.0 0.522656 0.906481 0.058854 0.183333
1.0 0.301042 0.156019 0.036458 0.063889
1.0 0.385156 0.226389 0.038021 0.069444
1.0 0.869792 0.275463 0.069792 0.067593
1.0 0.294792 0.660648 0.057292 0.130556
1.0 0.330208 0.228241 0.051042 0.102778
1.0 0.198437 0.169907 0.042708 0.073148
1.0 0.252344 0.446296 0.051563 0.120370
1.0 0.355208 0.156481 0.042708 0.072222
1.0 0.729167 0.436111 0.067708 0.079630
1.0 0.378646 0.617130 0.091667 0.202778
1.0 0.279167 0.095833 0.032292 0.054630
2.0 0.934115 0.237037 0.023438 0.038889
