0.0 0.454688 0.272685 0.017708 0.039815
0.0 0.212500 0.182407 0.010417 0.042593
0.0 0.429427 0.256019 0.011979 0.045370
1.0 0.404167 0.554630 0.088542 0.124074
1.0 0.664844 0.249537 0.043229 0.080556
1.0 0.517188 0.350926 0.062500 0.077778
1.0 0.129948 0.275926 0.070312 0.066667
1.0 0.754687 0.407870 0.043750 0.086111
1.0 0.617448 0.370833 0.064062 0.136111
1.0 0.819010 0.079167 0.036979 0.060185
1.0 0.781510 0.273148 0.041146 0.081481
1.0 0.603646 0.249537 0.050000 0.087963
1.0 0.130729 0.352315 0.064583 0.069444
1.0 0.688281 0.376852 0.067187 0.129630
1.0 0.694271 0.169907 0.037500 0.065741
2.0 0.065365 0.237500 0.023438 0.037963
