0.0 0.532292 0.355556 0.004167 0.029630
0.0 0.707812 0.330093 0.008333 0.023148
0.0 0.537240 0.572685 0.007812 0.037963
0.0 0.480729 0.195833 0.005208 0.023148
0.0 0.650521 0.331019 0.006250 0.030556
1.0 0.417448 0.187963 0.019271 0.057407
1.0 0.707552 0.724537 0.083854 0.086111
1.0 0.683594 0.640278 0.067187 0.062037
1.0 0.312240 0.767593 0.058854 0.148148
2.0 0.719531 0.421759 0.022396 0.026852
2.0 0.438542 0.205556 0.006250 0.029630
2.0 0.737500 0.473611 0.017708 0.026852
3.0 0.354687 0.271296 0.021875 0.059259
