0.0 0.114676 0.404611 0.012480 0.028507
0.0 0.379880 0.699550 0.006240 0.021929
0.0 0.737902 0.463818 0.010920 0.029969
0.0 0.652881 0.541664 0.011440 0.033624
0.0 0.700461 0.167052 0.005720 0.019736
1.0 0.728542 0.726595 0.076441 0.100872
1.0 0.863223 0.205427 0.020281 0.024852
1.0 0.590740 0.807000 0.044201 0.070171
1.0 0.519761 0.829660 0.076960 0.128648
1.0 0.719702 0.608546 0.076441 0.089907
1.0 0.474260 0.578577 0.058760 0.078212
2.0 0.780543 0.231375 0.018200 0.019736
2.0 0.101417 0.631937 0.049400 0.029969
3.0 0.570720 0.495248 0.081121 0.091369
3.0 0.445660 0.666291 0.067080 0.110374
