0.0 0.586767 0.273950 0.005407 0.053774
0.0 0.710159 0.190799 0.010323 0.046804
0.0 0.824948 0.560744 0.029496 0.039833
0.0 0.412495 0.046904 0.007865 0.039833
0.0 0.797173 0.619498 0.022122 0.069707
0.0 0.858868 0.115118 0.010815 0.044812
0.0 0.723924 0.204741 0.012290 0.048795
1.0 0.374642 0.161921 0.041294 0.080661
1.0 0.252233 0.082753 0.040311 0.077673
1.0 0.197912 0.038937 0.027038 0.047799
1.0 0.283204 0.537343 0.070791 0.188209
1.0 0.533183 0.505477 0.086030 0.134435
1.0 0.328186 0.826628 0.043752 0.111532
2.0 0.332610 0.200757 0.012290 0.042820
