0.0 0.498437 0.160185 0.021875 0.046296
0.0 0.920833 0.032407 0.018750 0.059259
0.0 0.546354 0.155556 0.008333 0.066667
1.0 0.528646 0.914815 0.088542 0.170370
1.0 0.243750 0.042130 0.050000 0.084259
1.0 0.359115 0.141667 0.052604 0.101852
1.0 0.972396 0.183796 0.055208 0.093519
1.0 0.212500 0.648611 0.071875 0.169444
1.0 0.283594 0.142130 0.069271 0.150926
1.0 0.094271 0.029167 0.056250 0.058333
1.0 0.161198 0.372685 0.066146 0.156481
1.0 0.316667 0.045370 0.057292 0.090741
1.0 0.845833 0.383333 0.091667 0.101852
1.0 0.318750 0.589815 0.114583 0.261111
