0.0 0.867708 0.250463 0.010417 0.034259
0.0 0.165365 0.233796 0.011979 0.025000
0.0 0.244271 0.267130 0.011458 0.034259
0.0 0.596354 0.137500 0.008333 0.019444
0.0 0.260677 0.274537 0.013021 0.026852
1.0 0.687240 0.190741 0.028646 0.048148
1.0 0.648177 0.518981 0.059896 0.099074
1.0 0.719271 0.065741 0.015625 0.031481
1.0 0.165885 0.092593 0.014063 0.014815
1.0 0.154427 0.088426 0.024479 0.019444
1.0 0.235937 0.376852 0.063542 0.062963
1.0 0.670573 0.244444 0.029687 0.055556
1.0 0.652083 0.177315 0.023958 0.045370
1.0 0.082292 0.108796 0.043750 0.041667
1.0 0.705469 0.128241 0.025521 0.041667
1.0 0.103906 0.118981 0.047396 0.037963
1.0 0.158594 0.338889 0.066146 0.050000
1.0 0.632552 0.222222 0.035937 0.072222
1.0 0.776823 0.073148 0.020313 0.029630
2.0 0.101562 0.548148 0.034375 0.042593
