0.0 0.926823 0.212500 0.015104 0.039815
0.0 0.134635 0.146296 0.011979 0.042593
0.0 0.389583 0.295833 0.009375 0.047222
0.0 0.152865 0.155093 0.010937 0.041667
0.0 0.919271 0.255556 0.011458 0.020370
0.0 0.937760 0.098611 0.014062 0.025000
1.0 0.715365 0.109259 0.032813 0.055556
1.0 0.652865 0.134259 0.051562 0.090741
1.0 0.120312 0.346296 0.079167 0.079630
1.0 0.736719 0.206944 0.039062 0.060185
1.0 0.677865 0.418056 0.054688 0.110185
1.0 0.694271 0.160648 0.035417 0.071296
2.0 0.676042 0.087037 0.010417 0.018519
3.0 0.083594 0.237963 0.092188 0.096296
