0.0 0.220312 0.425000 0.018750 0.031481
0.0 0.152344 0.336574 0.016146 0.030556
1.0 0.862240 0.096759 0.044271 0.034259
1.0 0.863542 0.116204 0.036458 0.032407
1.0 0.852865 0.134259 0.021354 0.024074
1.0 0.295312 0.129167 0.026042 0.045370
1.0 0.899740 0.552315 0.085938 0.089815
1.0 0.332813 0.135648 0.027083 0.045370
2.0 0.902344 0.362037 0.021354 0.033333
2.0 0.860417 0.325000 0.019792 0.031481
3.0 0.884896 0.080093 0.051042 0.056481
3.0 0.846615 0.387963 0.065104 0.074074
3.0 0.937240 0.181019 0.071354 0.063889
