0.0 0.501042 0.258333 0.016667 0.033333
0.0 0.182812 0.168519 0.014583 0.042593
0.0 0.464583 0.256019 0.006250 0.047222
1.0 0.477865 0.839815 0.067188 0.211111
1.0 0.692187 0.171296 0.037500 0.066667
1.0 0.605469 0.245370 0.039062 0.072222
1.0 0.129688 0.275463 0.069792 0.067593
1.0 0.715885 0.605556 0.054688 0.120370
1.0 0.662240 0.245370 0.051562 0.107407
1.0 0.804688 0.151852 0.042708 0.068519
1.0 0.754167 0.409259 0.050000 0.111111
1.0 0.637240 0.171759 0.043229 0.075000
1.0 0.239063 0.417593 0.068750 0.072222
1.0 0.635938 0.563889 0.086458 0.185185
1.0 0.715885 0.107407 0.032813 0.055556
2.0 0.065365 0.237037 0.023438 0.038889
