0.0 0.742188 0.536574 0.011458 0.041667
0.0 0.751563 0.531019 0.011458 0.039815
0.0 0.799740 0.466667 0.015104 0.042593
0.0 0.809635 0.578704 0.023438 0.027778
0.0 0.497917 0.129167 0.004167 0.026852
1.0 0.414062 0.329167 0.055208 0.056481
1.0 0.519792 0.917593 0.077083 0.162963
1.0 0.786198 0.888426 0.102604 0.169444
1.0 0.573438 0.795370 0.072917 0.050000
1.0 0.140365 0.573148 0.068229 0.070370
1.0 0.841146 0.835648 0.107292 0.162037
1.0 0.855990 0.129167 0.031771 0.034259
2.0 0.255729 0.401389 0.031250 0.036111
2.0 0.100260 0.667130 0.049479 0.037963
3.0 0.445312 0.709722 0.066667 0.139815
