0.0 0.924479 0.201852 0.015625 0.038889
0.0 0.146875 0.152315 0.013542 0.041667
0.0 0.411458 0.286574 0.008333 0.047222
0.0 0.166146 0.161111 0.011458 0.042593
0.0 0.922396 0.250926 0.012500 0.031481
0.0 0.939063 0.110185 0.014583 0.025926
1.0 0.715365 0.109722 0.032813 0.056481
1.0 0.653385 0.135185 0.051562 0.090741
1.0 0.120573 0.347222 0.078646 0.079630
1.0 0.725260 0.249074 0.041146 0.066667
1.0 0.651302 0.488889 0.072396 0.120370
1.0 0.694271 0.161111 0.035417 0.072222
2.0 0.676302 0.087500 0.009896 0.017593
3.0 0.083594 0.238426 0.092188 0.097222
