0.0 0.050521 0.387963 0.016667 0.035185
0.0 0.385156 0.768519 0.006771 0.025926
0.0 0.720313 0.394907 0.008333 0.036111
0.0 0.662760 0.538426 0.007812 0.039815
0.0 0.732812 0.071759 0.007292 0.025000
1.0 0.488802 0.625000 0.032813 0.062963
1.0 0.519792 0.917593 0.077083 0.162963
1.0 0.735938 0.664352 0.080208 0.119444
1.0 0.362500 0.512963 0.065625 0.061111
2.0 0.856250 0.130556 0.018750 0.022222
2.0 0.100781 0.667130 0.049479 0.037963
3.0 0.685937 0.684722 0.098958 0.167593
3.0 0.445573 0.710648 0.067187 0.139815
