0.0 0.136792 0.282273 0.014123 0.032696
0.0 0.821503 0.212050 0.011033 0.033440
0.0 0.610772 0.364756 0.010592 0.041614
0.0 0.809146 0.216880 0.011033 0.034183
0.0 0.129951 0.167092 0.010150 0.016348
1.0 0.317513 0.186784 0.027804 0.045329
1.0 0.370031 0.207219 0.043690 0.072824
1.0 0.821503 0.377389 0.066640 0.063907
1.0 0.286400 0.219481 0.030010 0.042357
1.0 0.326340 0.356954 0.040160 0.072081
1.0 0.335387 0.228026 0.030010 0.057961
2.0 0.350613 0.168950 0.008385 0.014119
3.0 0.852837 0.290075 0.078114 0.078025
