0.0 0.023438 0.187037 0.017708 0.033333
0.0 0.965365 0.029630 0.013021 0.051852
0.0 0.701562 0.381944 0.014583 0.067593
0.0 0.954948 0.035185 0.014063 0.053704
0.0 0.055469 0.282407 0.017187 0.064815
1.0 0.254688 0.021296 0.037500 0.042593
1.0 0.575781 0.641667 0.077604 0.151852
1.0 0.330469 0.968056 0.095312 0.063889
1.0 0.325260 0.048148 0.058854 0.096296
1.0 0.931771 0.306944 0.089583 0.100926
1.0 0.225781 0.113426 0.044271 0.082407
1.0 0.278385 0.072222 0.040104 0.090741
3.0 0.960677 0.169444 0.078646 0.122222
