0.0 0.073438 0.235185 0.016667 0.040741
0.0 0.886458 0.137963 0.012500 0.042593
0.0 0.640625 0.345833 0.012500 0.052778
0.0 0.873698 0.143056 0.013021 0.041667
1.0 0.284635 0.109722 0.032813 0.056481
1.0 0.522656 0.911111 0.051562 0.175926
1.0 0.346615 0.135185 0.051562 0.090741
1.0 0.879427 0.347222 0.078646 0.079630
1.0 0.242448 0.130556 0.033854 0.050000
1.0 0.286198 0.290741 0.045312 0.083333
1.0 0.305729 0.161111 0.035417 0.072222
2.0 0.323698 0.087500 0.009896 0.017593
3.0 0.916406 0.238426 0.092188 0.097222
