0.0 0.921354 0.168056 0.013542 0.036111
0.0 0.170833 0.164352 0.011458 0.043519
0.0 0.465625 0.269444 0.007292 0.046296
0.0 0.193490 0.173611 0.011979 0.043519
0.0 0.931250 0.230093 0.014583 0.045370
0.0 0.939323 0.133333 0.014063 0.025926
1.0 0.726042 0.079630 0.031250 0.051852
1.0 0.653385 0.135185 0.051562 0.090741
1.0 0.120573 0.347222 0.078646 0.079630
1.0 0.693229 0.367593 0.046875 0.088889
1.0 0.530729 0.629167 0.113542 0.119444
1.0 0.694271 0.161111 0.035417 0.072222
2.0 0.676302 0.087500 0.009896 0.017593
3.0 0.083594 0.238426 0.092188 0.097222
