0.0 0.416673 0.414975 0.012428 0.023839
0.0 0.325698 0.507152 0.012109 0.033374
0.0 0.307854 0.533904 0.015295 0.034964
0.0 0.301799 0.571252 0.014658 0.037613
0.0 0.405201 0.352729 0.006054 0.025428
0.0 0.370149 0.337631 0.007329 0.025958
1.0 0.309447 0.435900 0.052259 0.044499
1.0 0.375088 0.473777 0.053533 0.049267
1.0 0.324742 0.398022 0.036964 0.036553
1.0 0.273598 0.371800 0.043018 0.038142
1.0 0.226438 0.611513 0.064686 0.086350
1.0 0.379869 0.426364 0.049072 0.047678
1.0 0.256869 0.405704 0.038876 0.039202
1.0 0.465586 0.493113 0.066917 0.044499
2.0 0.234086 0.349815 0.014340 0.021720
