0.0 0.886719 0.364815 0.015104 0.051852
0.0 0.615625 0.315278 0.009375 0.049074
0.0 0.120573 0.658333 0.022396 0.053704
0.0 0.298438 0.412500 0.007292 0.030556
0.0 0.780990 0.362500 0.013021 0.052778
0.0 0.757292 0.369444 0.020833 0.048148
1.0 0.598437 0.264352 0.048958 0.080556
1.0 0.660417 0.883796 0.086458 0.228704
1.0 0.411719 0.442593 0.098438 0.094444
2.0 0.798437 0.194444 0.013542 0.038889
2.0 0.643750 0.315741 0.015625 0.046296
2.0 0.425260 0.595370 0.031771 0.077778
3.0 0.754167 0.138889 0.047917 0.092593
3.0 0.734115 0.519907 0.109896 0.278704
