0.0 0.664848 0.825025 0.016925 0.058196
0.0 0.861853 0.776735 0.020987 0.063147
0.0 0.513201 0.729684 0.016925 0.053242
0.0 0.314165 0.209644 0.010154 0.045813
0.0 0.232588 0.592244 0.014893 0.053242
0.0 0.173351 0.542098 0.018279 0.052004
0.0 0.598164 0.823787 0.027079 0.055719
0.0 0.853729 0.184881 0.012863 0.043336
1.0 0.476305 0.332845 0.078532 0.076767
1.0 0.628290 0.391040 0.085978 0.069339
1.0 0.169289 0.163832 0.052128 0.055719
1.0 0.345983 0.400945 0.045359 0.101532
1.0 0.310780 0.125447 0.041297 0.058195
3.0 0.227171 0.105637 0.144876 0.169632
3.0 0.370694 0.261029 0.088009 0.106485
