0.0 0.172396 0.381944 0.023958 0.036111
0.0 0.934375 0.778704 0.028125 0.059259
0.0 0.205990 0.374537 0.018229 0.050926
1.0 0.576302 0.900000 0.105729 0.198148
1.0 0.883854 0.343056 0.063542 0.069444
1.0 0.179688 0.070833 0.030208 0.047222
1.0 0.320052 0.078241 0.028646 0.050926
1.0 0.763802 0.328704 0.104688 0.100000
1.0 0.487760 0.353704 0.081771 0.087037
1.0 0.773958 0.408333 0.073958 0.083333
1.0 0.911198 0.254167 0.071354 0.060185
2.0 0.613281 0.383333 0.031771 0.040741
3.0 0.250000 0.155093 0.050000 0.095370
