0.0 0.791406 0.649074 0.014063 0.044444
0.0 0.215625 0.538889 0.012500 0.040741
0.0 0.754167 0.733796 0.017708 0.041667
0.0 0.605469 0.756944 0.014063 0.041667
1.0 0.777604 0.608333 0.070833 0.070370
1.0 0.160677 0.135185 0.022396 0.025926
1.0 0.366406 0.479630 0.049479 0.087037
1.0 0.157813 0.165741 0.043750 0.040741
1.0 0.264583 0.662963 0.065625 0.100000
1.0 0.282813 0.762037 0.081250 0.135185
1.0 0.621094 0.632870 0.078646 0.097222
1.0 0.397396 0.911111 0.084375 0.175926
3.0 0.918750 0.510185 0.162500 0.207407
3.0 0.474740 0.360648 0.074479 0.082407
