0.0 0.157292 0.385185 0.025000 0.037037
0.0 0.188542 0.381019 0.017708 0.050926
1.0 0.519792 0.765278 0.088542 0.199074
1.0 0.844010 0.367593 0.065104 0.072222
1.0 0.185156 0.099537 0.031771 0.050926
1.0 0.308333 0.051852 0.027083 0.048148
1.0 0.719792 0.352778 0.108333 0.103704
1.0 0.927604 0.318056 0.076042 0.076852
1.0 0.454427 0.330093 0.072396 0.091667
1.0 0.723958 0.437500 0.068750 0.086111
1.0 0.876042 0.273611 0.073958 0.062037
2.0 0.562500 0.380093 0.032292 0.039815
3.0 0.260938 0.195370 0.053125 0.103704
