0.0 0.732078 0.415434 0.016036 0.033827
0.0 0.795108 0.324206 0.012027 0.035876
1.0 0.185069 0.060259 0.038309 0.043052
1.0 0.194646 0.072046 0.030735 0.039976
1.0 0.202219 0.095622 0.019154 0.017426
1.0 0.673502 0.094597 0.021827 0.050226
1.0 0.165247 0.564577 0.074389 0.100454
1.0 0.641206 0.102798 0.023163 0.052277
2.0 0.155892 0.347782 0.018263 0.037926
2.0 0.191750 0.306780 0.016927 0.035876
3.0 0.164133 0.038732 0.040981 0.063552
3.0 0.203110 0.375970 0.055681 0.082003
3.0 0.132729 0.141749 0.060135 0.070728
