0.0 0.744662 0.434362 0.008503 0.031112
0.0 0.615181 0.755723 0.005411 0.024283
0.0 0.326843 0.506070 0.008503 0.033388
0.0 0.390424 0.542494 0.006571 0.034906
0.0 0.395642 0.155495 0.004638 0.021247
1.0 0.431974 0.525041 0.039424 0.068294
1.0 0.300946 0.226445 0.031694 0.032629
1.0 0.485312 0.842229 0.057204 0.133553
1.0 0.381727 0.396421 0.031694 0.053877
1.0 0.448207 0.775832 0.053339 0.120652
2.0 0.359116 0.255280 0.014301 0.022006
2.0 0.796262 0.636968 0.036719 0.031112
3.0 0.605325 0.423738 0.056044 0.070570
3.0 0.540391 0.672632 0.049860 0.114582
