0.0 0.623437 0.342593 0.019792 0.046296
0.0 0.757552 0.483796 0.015104 0.060185
0.0 0.755729 0.509259 0.016667 0.053704
0.0 0.751563 0.550463 0.014583 0.062037
0.0 0.603125 0.239352 0.012500 0.049074
0.0 0.723958 0.180093 0.008333 0.047222
1.0 0.781250 0.380556 0.077083 0.083333
1.0 0.684115 0.450926 0.078646 0.090741
1.0 0.758594 0.310185 0.054688 0.068519
1.0 0.833854 0.261574 0.063542 0.071296
1.0 0.786198 0.887963 0.100521 0.224074
1.0 0.677083 0.362963 0.072917 0.088889
1.0 0.858854 0.324537 0.057292 0.073148
1.0 0.550521 0.486574 0.098958 0.082407
2.0 0.892448 0.220833 0.021354 0.039815
