0.0 0.519010 0.269444 0.016146 0.035185
0.0 0.169792 0.163426 0.014583 0.041667
0.0 0.479167 0.255556 0.013542 0.046296
1.0 0.702865 0.143981 0.034896 0.062037
1.0 0.621615 0.209259 0.036979 0.066667
1.0 0.129688 0.275463 0.069792 0.067593
1.0 0.692969 0.722685 0.060937 0.143519
1.0 0.675260 0.210185 0.048438 0.100000
1.0 0.797135 0.190278 0.044271 0.076852
1.0 0.739062 0.487037 0.055208 0.131481
1.0 0.650521 0.143519 0.040625 0.070370
1.0 0.299740 0.456019 0.071354 0.080556
1.0 0.604688 0.675000 0.097917 0.222222
1.0 0.723958 0.084722 0.031250 0.052778
2.0 0.065365 0.237037 0.023438 0.038889
