0.0 0.372396 0.538426 0.012500 0.025000
0.0 0.501563 0.593981 0.004167 0.026852
0.0 0.362240 0.558333 0.010938 0.025926
0.0 0.229427 0.553704 0.015104 0.027778
0.0 0.320833 0.535648 0.017708 0.021296
0.0 0.548698 0.287037 0.004687 0.014815
1.0 0.754687 0.456944 0.056250 0.043519
1.0 0.831250 0.558796 0.078125 0.052778
1.0 0.208854 0.268519 0.032292 0.022222
1.0 0.483333 0.762037 0.063542 0.101852
1.0 0.263281 0.743981 0.084896 0.106481
1.0 0.439063 0.717130 0.060417 0.093519
1.0 0.580729 0.459722 0.043750 0.036111
1.0 0.217708 0.711111 0.088542 0.101852
1.0 0.299740 0.294907 0.029687 0.023148
2.0 0.829687 0.604630 0.040625 0.024074
3.0 0.544792 0.631944 0.055208 0.087963
3.0 0.695052 0.496296 0.077604 0.066667
