0.0 0.834896 0.389352 0.011458 0.037963
0.0 0.632031 0.756481 0.005729 0.024074
0.0 0.255729 0.473148 0.011458 0.040741
0.0 0.352344 0.552778 0.008854 0.040741
0.0 0.338802 0.079167 0.006771 0.026852
1.0 0.367448 0.606944 0.059896 0.095370
1.0 0.201562 0.151852 0.041667 0.038889
1.0 0.480208 0.917593 0.077083 0.162963
1.0 0.351823 0.442593 0.031771 0.081481
1.0 0.461979 0.754167 0.065625 0.130556
2.0 0.291146 0.192593 0.018750 0.025926
2.0 0.899219 0.667130 0.049479 0.037963
3.0 0.568490 0.411574 0.075521 0.084259
3.0 0.554427 0.710648 0.067187 0.139815
