0.0 0.197917 0.267593 0.021875 0.042593
0.0 0.219531 0.223611 0.021354 0.043519
0.0 0.440104 0.143519 0.012500 0.048148
1.0 0.397396 0.187500 0.046875 0.136111
1.0 0.530990 0.858796 0.048438 0.152778
1.0 0.453125 0.610648 0.046875 0.182407
1.0 0.311979 0.407870 0.051042 0.156481
1.0 0.332812 0.158796 0.050000 0.134259
1.0 0.532292 0.601852 0.044792 0.162963
1.0 0.472396 0.111574 0.044792 0.097222
2.0 0.461979 0.300463 0.016667 0.060185
3.0 0.639323 0.731481 0.119271 0.407407
3.0 0.540104 0.183333 0.084375 0.240741
