0.0 0.484572 0.295070 0.008733 0.032423
0.0 0.687463 0.195307 0.007569 0.037411
0.0 0.507859 0.281353 0.006986 0.041568
1.0 0.384146 0.170367 0.019212 0.054038
1.0 0.428537 0.227730 0.020085 0.059027
1.0 0.706820 0.298812 0.039297 0.059858
1.0 0.398555 0.752732 0.035804 0.141330
1.0 0.398992 0.228562 0.026781 0.087292
1.0 0.335534 0.237706 0.025616 0.072328
1.0 0.370173 0.522447 0.032020 0.124704
1.0 0.413400 0.170782 0.022414 0.061521
1.0 0.596205 0.476306 0.040462 0.073990
1.0 0.449933 0.707424 0.058800 0.218647
1.0 0.372648 0.118823 0.017174 0.045725
2.0 0.742915 0.264310 0.013099 0.034086
