0.0 0.793972 0.289011 0.003456 0.008367
0.0 0.545699 0.224460 0.009985 0.060965
0.0 0.269200 0.568736 0.013057 0.070529
0.0 0.331028 0.483862 0.006912 0.044230
0.0 0.707374 0.323080 0.009217 0.066943
0.0 0.749809 0.357747 0.015745 0.064552
1.0 0.604071 0.073241 0.029954 0.086069
1.0 0.524962 0.751632 0.052227 0.245058
1.0 0.730032 0.018092 0.023810 0.036184
2.0 0.700846 0.281840 0.012289 0.060965
2.0 0.635945 0.115081 0.009217 0.050207
3.0 0.663787 0.186206 0.043395 0.149426
3.0 0.632105 0.817540 0.109064 0.364919
