0.0 0.452344 0.272222 0.017188 0.035185
0.0 0.852083 0.153704 0.011458 0.040741
0.0 0.494271 0.259722 0.006250 0.047222
1.0 0.281510 0.103704 0.031771 0.055556
1.0 0.355990 0.160185 0.033854 0.061111
1.0 0.869792 0.275463 0.069792 0.067593
1.0 0.352083 0.933333 0.071875 0.129630
1.0 0.305990 0.160648 0.045313 0.091667
1.0 0.215365 0.259722 0.049479 0.089815
1.0 0.290365 0.640278 0.066146 0.171296
1.0 0.331250 0.102315 0.037500 0.063889
1.0 0.604688 0.541204 0.068750 0.102778
1.0 0.460417 0.875000 0.130208 0.246296
1.0 0.263542 0.051852 0.029167 0.048148
2.0 0.934115 0.237037 0.023438 0.038889
