0.0 0.432292 0.286111 0.010417 0.051852
0.0 0.298958 0.709259 0.012500 0.079630
0.0 0.381771 0.155556 0.007292 0.053704
0.0 0.411198 0.184722 0.005729 0.054630
1.0 0.333854 0.370370 0.046875 0.094444
1.0 0.483594 0.476389 0.053646 0.100926
1.0 0.359635 0.306019 0.033854 0.078704
1.0 0.297917 0.231019 0.038542 0.080556
1.0 0.664323 0.100000 0.017188 0.064815
1.0 0.465365 0.889352 0.066146 0.221296
1.0 0.672396 0.020833 0.016667 0.041667
1.0 0.468750 0.356019 0.045833 0.099074
1.0 0.282813 0.302315 0.034375 0.082407
1.0 0.637500 0.078704 0.025000 0.096296
1.0 0.567708 0.328241 0.035417 0.117593
2.0 0.262500 0.184722 0.012500 0.045370
