0.0 0.158912 0.709075 0.021568 0.060505
0.0 0.084347 0.563865 0.021568 0.060505
0.0 0.776384 0.325210 0.015406 0.064537
0.0 0.137959 0.738656 0.020337 0.065882
0.0 0.970191 0.966555 0.009859 0.037647
0.0 0.787167 0.278823 0.014790 0.055126
0.0 0.265521 0.489917 0.019104 0.065882
1.0 0.213757 0.862354 0.131258 0.170757
1.0 0.585657 0.467731 0.041905 0.145210
1.0 0.465183 0.075797 0.036358 0.111597
1.0 0.488291 0.908656 0.056694 0.182688
1.0 0.672547 0.727899 0.054229 0.235295
3.0 0.401710 0.069159 0.090588 0.138319
