0.0 0.045052 0.366667 0.031771 0.038889
0.0 0.066406 0.335185 0.030729 0.037037
0.0 0.418750 0.170370 0.016667 0.044444
1.0 0.340885 0.465741 0.072396 0.140741
1.0 0.542448 0.831481 0.066146 0.140741
1.0 0.436719 0.602315 0.064063 0.167593
1.0 0.209115 0.715741 0.079687 0.170370
1.0 0.244271 0.432407 0.077083 0.138889
1.0 0.544010 0.593519 0.060937 0.150000
2.0 0.456250 0.143519 0.020833 0.053704
3.0 0.689323 0.713889 0.161979 0.375926
3.0 0.580469 0.140278 0.120313 0.087963
3.0 0.269792 0.169444 0.072917 0.146296
