0.0 0.925781 0.207870 0.017188 0.039815
0.0 0.139323 0.148611 0.010937 0.041667
0.0 0.400521 0.289815 0.014583 0.048148
0.0 0.160677 0.159259 0.014063 0.042593
0.0 0.920312 0.253241 0.013542 0.026852
0.0 0.938021 0.104167 0.013542 0.025000
1.0 0.715365 0.109722 0.032813 0.056481
1.0 0.653385 0.135185 0.051562 0.090741
1.0 0.120573 0.347222 0.078646 0.079630
1.0 0.732292 0.223148 0.039583 0.062963
1.0 0.669531 0.445370 0.057813 0.116667
1.0 0.694271 0.161111 0.035417 0.072222
2.0 0.676302 0.087500 0.009896 0.017593
3.0 0.083594 0.238426 0.092188 0.097222
