0.0 0.650521 0.482870 0.006250 0.049074
0.0 0.395573 0.557407 0.007812 0.048148
0.0 0.652344 0.573148 0.006771 0.051852
0.0 0.643490 0.715278 0.006771 0.054630
1.0 0.510677 0.873148 0.031771 0.164815
1.0 0.416146 0.152315 0.012500 0.039815
1.0 0.406771 0.243056 0.028125 0.056481
1.0 0.390625 0.169907 0.026042 0.056481
1.0 0.441146 0.372685 0.012500 0.073148
1.0 0.389062 0.818056 0.041667 0.163889
1.0 0.337500 0.065278 0.019792 0.043519
1.0 0.351562 0.121296 0.020833 0.040741
1.0 0.377865 0.101852 0.026563 0.068519
3.0 0.712760 0.512037 0.082812 0.251852
3.0 0.360417 0.171296 0.030208 0.081481
