0.0 0.075260 0.203704 0.015104 0.038889
0.0 0.856250 0.151389 0.012500 0.041667
0.0 0.591406 0.287963 0.015104 0.046296
0.0 0.834896 0.161111 0.013542 0.042593
0.0 0.077344 0.251389 0.013021 0.030556
0.0 0.061198 0.108333 0.014063 0.025926
1.0 0.284635 0.109722 0.032813 0.056481
1.0 0.346615 0.135185 0.051562 0.090741
1.0 0.879427 0.347222 0.078646 0.079630
1.0 0.273177 0.242593 0.041146 0.066667
1.0 0.343490 0.478241 0.066146 0.121296
1.0 0.305729 0.161111 0.035417 0.072222
2.0 0.323698 0.087500 0.009896 0.017593
3.0 0.916406 0.238426 0.092188 0.097222
