0.0 0.104687 0.349074 0.020833 0.040741
0.0 0.938542 0.108333 0.012500 0.038889
0.0 0.132812 0.374537 0.017708 0.054630
1.0 0.359635 0.318056 0.048438 0.093519
1.0 0.792188 0.397685 0.067708 0.075000
1.0 0.224740 0.299074 0.043229 0.081481
1.0 0.472135 0.338889 0.108854 0.118519
1.0 0.879167 0.346296 0.079167 0.079630
1.0 0.370312 0.190278 0.042708 0.075000
1.0 0.467187 0.445370 0.077083 0.105556
1.0 0.706250 0.366204 0.084375 0.075000
2.0 0.398438 0.263889 0.012500 0.038889
2.0 0.208594 0.201389 0.014063 0.043519
3.0 0.345313 0.504630 0.083333 0.175926
