0 0.897135 0.299537 0.016146 0.039815
0 0.062500 0.110648 0.013542 0.039815
0 0.078125 0.119907 0.012500 0.041667
0 0.867188 0.375463 0.017708 0.052778
1 0.681510 0.203241 0.040104 0.071296
1 0.290104 0.449537 0.070833 0.080556
1 0.737240 0.494907 0.055729 0.119444
1 0.604688 0.244444 0.064583 0.114815
1 0.120573 0.347222 0.078646 0.079630
1 0.660156 0.121296 0.036979 0.064815
1 0.800000 0.081019 0.031250 0.049074
1 0.647396 0.290278 0.043750 0.091667
1 0.460938 0.493519 0.084375 0.114815
2 0.637240 0.180556 0.010937 0.031481
2 0.768229 0.348611 0.016667 0.052778
3 0.558594 0.845833 0.120313 0.297222
3 0.083594 0.238426 0.092188 0.097222