0.0 0.408983 0.341945 0.024790 0.028497
0.0 0.126725 0.276337 0.012749 0.031148
0.0 0.381005 0.324714 0.018416 0.032472
1.0 0.287156 0.488071 0.126786 0.070247
1.0 0.697262 0.360169 0.064456 0.064945
1.0 0.424212 0.414180 0.090663 0.049703
1.0 0.022281 0.339625 0.044562 0.047715
1.0 0.864775 0.384689 0.055248 0.054342
1.0 0.621120 0.463551 0.097746 0.111335
1.0 0.941627 0.178256 0.047456 0.040425
1.0 0.896294 0.301519 0.051706 0.051028
1.0 0.609078 0.351885 0.086413 0.065608
1.0 0.780841 0.364808 0.082871 0.082176
1.0 0.747551 0.288597 0.054539 0.051691
