0.0 0.694024 0.729805 0.012517 0.034234
0.0 0.640668 0.508376 0.009701 0.032777
0.0 0.349944 0.327010 0.007198 0.034234
0.0 0.621578 0.520759 0.010953 0.037147
0.0 0.289859 0.580122 0.012205 0.039333
0.0 0.363088 0.481791 0.008450 0.033506
0.0 0.553200 0.476692 0.006259 0.034962
1.0 0.482945 0.164945 0.015334 0.050987
1.0 0.456188 0.239240 0.016273 0.050987
1.0 0.518463 0.279664 0.018777 0.061913
1.0 0.423485 0.320090 0.019716 0.074295
3.0 0.549914 0.215931 0.046003 0.176268
3.0 0.487169 0.255264 0.020654 0.106344
