0.0 0.197917 0.408796 0.010417 0.037963
0.0 0.610937 0.570370 0.010417 0.038889
0.0 0.201042 0.453241 0.011458 0.041667
0.0 0.205990 0.573611 0.015104 0.043519
1.0 0.507292 0.286111 0.027083 0.037037
1.0 0.825260 0.211574 0.041146 0.039815
1.0 0.714063 0.228704 0.051042 0.046296
1.0 0.718490 0.268519 0.040104 0.044444
1.0 0.716667 0.761574 0.081250 0.134259
1.0 0.715365 0.189815 0.040104 0.040741
1.0 0.770312 0.201852 0.042708 0.038889
1.0 0.620313 0.227315 0.057292 0.063889
3.0 0.080990 0.509722 0.161979 0.206481
