0.0 0.443490 0.276389 0.019271 0.039815
0.0 0.220312 0.186111 0.012500 0.044444
0.0 0.419792 0.255556 0.007292 0.046296
1.0 0.368490 0.507870 0.092188 0.106481
1.0 0.652865 0.280556 0.045312 0.085185
1.0 0.475521 0.370370 0.065625 0.072222
1.0 0.129688 0.275463 0.069792 0.067593
1.0 0.763021 0.364352 0.041667 0.080556
1.0 0.601042 0.416204 0.068750 0.147222
1.0 0.822396 0.059259 0.035417 0.053704
1.0 0.590365 0.275463 0.059896 0.091667
1.0 0.112240 0.341204 0.064062 0.069444
1.0 0.699740 0.335648 0.063021 0.119444
1.0 0.686719 0.189815 0.039062 0.068519
2.0 0.065365 0.237037 0.023438 0.038889
