0.0 0.559896 0.694444 0.014583 0.040741
0.0 0.714583 0.739352 0.018750 0.041667
0.0 0.462760 0.650926 0.007812 0.040741
0.0 0.357031 0.283333 0.007812 0.033333
0.0 0.246875 0.528241 0.010417 0.039815
0.0 0.209635 0.558796 0.016146 0.043519
0.0 0.497135 0.694907 0.020313 0.039815
1.0 0.487760 0.377778 0.060937 0.057407
1.0 0.482552 0.459259 0.066146 0.066667
1.0 0.321094 0.289815 0.042188 0.046296
1.0 0.381510 0.425926 0.034896 0.075926
1.0 0.299479 0.193981 0.027083 0.041667
3.0 0.240625 0.181944 0.106250 0.121296
3.0 0.402344 0.322222 0.068229 0.079630
