0 0.365365 0.330093 0.017188 0.043519
0 0.143490 0.656019 0.024479 0.063889
0 0.289844 0.216667 0.009896 0.044444
0 0.331250 0.235185 0.010417 0.046296
1 0.188542 0.387963 0.085417 0.077778
1 0.428646 0.487037 0.098958 0.077778
1 0.226302 0.328704 0.060937 0.064815
1 0.129948 0.275926 0.070312 0.066667
1 0.805729 0.146296 0.030208 0.051852
1 0.408594 0.909722 0.116146 0.178704
1 0.819792 0.076389 0.029167 0.047222
1 0.413802 0.384722 0.082812 0.075000
1 0.102604 0.335185 0.063542 0.068519
1 0.757552 0.129167 0.044271 0.076852
1 0.610938 0.379167 0.073958 0.099074
2 0.065365 0.237500 0.023438 0.037963