0.0 0.564025 0.389509 0.003990 0.025854
0.0 0.672307 0.342678 0.007980 0.022928
0.0 0.712934 0.510976 0.021765 0.019025
0.0 0.443048 0.284140 0.005804 0.015123
0.0 0.693528 0.527318 0.014873 0.032196
0.0 0.748847 0.317068 0.008706 0.021464
0.0 0.682463 0.350240 0.009432 0.024391
1.0 0.419650 0.354874 0.033010 0.043416
1.0 0.309919 0.277067 0.027569 0.035123
1.0 0.393170 0.713177 0.062031 0.099515
1.0 0.326787 0.464145 0.046794 0.075612
1.0 0.570918 0.463414 0.066383 0.048782
1.0 0.352179 0.577319 0.027932 0.045367
2.0 0.387366 0.376338 0.009795 0.021952
