0.0 0.426042 0.282407 0.008333 0.048148
0.0 0.303646 0.224074 0.009375 0.044444
0.0 0.105990 0.619444 0.035937 0.035185
0.0 0.599740 0.064352 0.007812 0.036111
0.0 0.137760 0.663889 0.028646 0.061111
0.0 0.095833 0.131019 0.012500 0.039815
0.0 0.287240 0.235648 0.011979 0.043519
1.0 0.649219 0.148148 0.041146 0.068519
1.0 0.744792 0.175926 0.047917 0.083333
1.0 0.808854 0.125926 0.031250 0.051852
1.0 0.687760 0.747222 0.094271 0.250000
1.0 0.534896 0.700463 0.071875 0.191667
2.0 0.690885 0.181481 0.011979 0.037037
