0.0 0.929167 0.295370 0.023958 0.018519
0.0 0.946615 0.298148 0.014062 0.027778
0.0 0.379948 0.229630 0.011979 0.016667
0.0 0.781510 0.332407 0.018229 0.022222
1.0 0.210417 0.218056 0.037500 0.032407
1.0 0.579948 0.657407 0.145312 0.075926
1.0 0.883594 0.400463 0.092187 0.050926
1.0 0.251823 0.293519 0.043229 0.044444
1.0 0.139583 0.169907 0.025000 0.025000
1.0 0.243750 0.187500 0.030208 0.030556
1.0 0.182812 0.152778 0.029167 0.027778
1.0 0.973958 0.369907 0.052083 0.039815
1.0 0.294792 0.257870 0.048958 0.054630
1.0 0.101823 0.211111 0.033854 0.029630
