0 0.373177 0.743056 0.013021 0.043519
0 0.221615 0.706944 0.016146 0.047222
0 0.489844 0.671759 0.013021 0.039815
0 0.642969 0.282870 0.007812 0.034259
0 0.705729 0.568981 0.011458 0.039815
0 0.751302 0.531481 0.014063 0.038889
0 0.424479 0.742130 0.020833 0.041667
0 0.227865 0.264352 0.009896 0.032407
1 0.518229 0.375000 0.060417 0.057407
1 0.401302 0.418519 0.066146 0.051852
1 0.754427 0.248611 0.040104 0.041667
1 0.618490 0.425926 0.034896 0.075926
1 0.645573 0.219907 0.031771 0.043519
3 0.709896 0.205093 0.111458 0.126852
3 0.599479 0.321296 0.067708 0.079630