0.0 0.784729 0.106150 0.004793 0.022223
0.0 0.423317 0.353490 0.009585 0.027985
0.0 0.598032 0.144836 0.006100 0.020577
0.0 0.569276 0.375301 0.011328 0.025516
1.0 0.139242 0.527574 0.070583 0.076547
1.0 0.642255 0.270769 0.027449 0.055147
1.0 0.707610 0.327563 0.028320 0.053501
1.0 0.609578 0.260481 0.027449 0.052678
1.0 0.623738 0.891792 0.047927 0.103710
1.0 0.183247 0.131666 0.033113 0.033747
1.0 0.202200 0.140309 0.037905 0.029631
1.0 0.547709 0.862572 0.051848 0.162149
2.0 0.167345 0.203687 0.010021 0.023047
