0.0 0.507031 0.654630 0.011979 0.040741
0.0 0.658073 0.759722 0.013021 0.041667
0.0 0.428125 0.620370 0.007292 0.033333
0.0 0.355990 0.286111 0.008854 0.035185
0.0 0.215365 0.545370 0.013021 0.040741
0.0 0.176042 0.588426 0.015625 0.041667
0.0 0.433333 0.655556 0.021875 0.042593
0.0 0.682031 0.218519 0.006771 0.031481
1.0 0.561458 0.416667 0.065625 0.061111
1.0 0.419010 0.518519 0.065104 0.087037
1.0 0.393750 0.328241 0.044792 0.049074
1.0 0.377083 0.446296 0.039583 0.079630
1.0 0.290365 0.190278 0.030729 0.041667
2.0 0.534115 0.769907 0.023438 0.071296
3.0 0.228906 0.176852 0.105729 0.120370
3.0 0.471094 0.357407 0.070312 0.083333
