0.0 0.128646 0.378704 0.017708 0.050000
0.0 0.359115 0.313889 0.013021 0.046296
0.0 0.944271 0.773611 0.029167 0.056481
0.0 0.705990 0.405556 0.006771 0.031481
0.0 0.216406 0.342593 0.006771 0.012963
0.0 0.288542 0.336574 0.012500 0.050926
1.0 0.464844 0.343981 0.075521 0.084259
1.0 0.305990 0.718056 0.072396 0.186111
1.0 0.727344 0.356481 0.088021 0.072222
2.0 0.210677 0.130556 0.011979 0.035185
2.0 0.413021 0.473611 0.020833 0.062037
2.0 0.707292 0.446296 0.036458 0.053704
3.0 0.225000 0.066667 0.041667 0.077778
3.0 0.253385 0.458796 0.102604 0.252778
