0.0 0.163281 0.383796 0.024479 0.036111
0.0 0.948177 0.804167 0.032813 0.065741
0.0 0.194792 0.378704 0.015625 0.050000
1.0 0.542448 0.828241 0.095312 0.217593
1.0 0.861719 0.356481 0.064062 0.070370
1.0 0.182813 0.086574 0.031250 0.049074
1.0 0.313281 0.063426 0.027604 0.049074
1.0 0.739323 0.342593 0.106771 0.101852
1.0 0.942969 0.308333 0.075521 0.075926
1.0 0.468229 0.340741 0.076042 0.090741
1.0 0.748177 0.424537 0.074479 0.084259
1.0 0.891406 0.265278 0.072396 0.062037
2.0 0.584115 0.382407 0.031771 0.040741
3.0 0.256250 0.177778 0.052083 0.100000
