0.0 0.370623 0.435836 0.016625 0.024122
0.0 0.275775 0.478531 0.011936 0.025569
0.0 0.277906 0.497829 0.011936 0.030393
0.0 0.294318 0.502895 0.011510 0.028946
0.0 0.469308 0.373360 0.011936 0.023639
0.0 0.251050 0.330424 0.008526 0.022675
1.0 0.637903 0.294964 0.030266 0.029911
1.0 0.189665 0.420398 0.066500 0.037630
1.0 0.271938 0.452480 0.067353 0.041972
1.0 0.214390 0.389040 0.047743 0.031841
1.0 0.149382 0.366365 0.054990 0.032806
1.0 0.283235 0.413644 0.062664 0.040525
1.0 0.384477 0.492040 0.089520 0.040042
