0.0 0.177344 0.414815 0.011979 0.042593
0.0 0.633594 0.340741 0.007812 0.038889
0.0 0.828385 0.783796 0.019271 0.060185
0.0 0.369010 0.073148 0.002604 0.018519
0.0 0.624740 0.321759 0.015104 0.032407
1.0 0.337240 0.272222 0.033854 0.061111
1.0 0.689844 0.481481 0.057813 0.061111
1.0 0.258073 0.123611 0.024479 0.036111
1.0 0.312240 0.077778 0.018229 0.033333
1.0 0.305208 0.163426 0.021875 0.041667
1.0 0.282292 0.078704 0.018750 0.033333
1.0 0.873698 0.321759 0.058854 0.056481
1.0 0.290625 0.562963 0.041667 0.092593
1.0 0.522917 0.644907 0.073958 0.128704
1.0 0.361979 0.350926 0.036458 0.074074
1.0 0.269531 0.436574 0.024479 0.050926
1.0 0.876562 0.087037 0.042708 0.035185
1.0 0.294531 0.126852 0.022396 0.038889
1.0 0.377865 0.255093 0.029687 0.054630
1.0 0.340104 0.158796 0.027083 0.043519
1.0 0.319792 0.212963 0.031250 0.053704
1.0 0.949740 0.284722 0.057813 0.045370
1.0 0.405729 0.322222 0.044792 0.090741
2.0 0.898438 0.548148 0.034375 0.042593
