0.0 0.402733 0.272873 0.006062 0.053147
0.0 0.187807 0.153043 0.011572 0.048132
0.0 0.245671 0.440836 0.027004 0.036099
0.0 0.577428 0.063795 0.007164 0.012033
0.0 0.269368 0.468412 0.014880 0.063174
0.0 0.163284 0.142011 0.013226 0.046128
0.0 0.164385 0.166078 0.015430 0.048132
1.0 0.542985 0.324516 0.078255 0.100277
1.0 0.732009 0.596767 0.066131 0.153424
1.0 0.795385 0.257832 0.057314 0.115318
1.0 0.236579 0.332537 0.092583 0.076210
1.0 0.770310 0.412759 0.033617 0.070194
2.0 0.615454 0.404737 0.020391 0.058161
