0.0 0.447135 0.690741 0.014063 0.044444
0.0 0.290625 0.742593 0.014583 0.042593
0.0 0.541927 0.647222 0.008854 0.042593
0.0 0.642969 0.282870 0.007812 0.034259
0.0 0.758854 0.527778 0.011458 0.040741
0.0 0.794010 0.562963 0.017188 0.042593
0.0 0.511198 0.691204 0.020313 0.039815
0.0 0.283333 0.236111 0.007292 0.031481
1.0 0.507812 0.380556 0.061458 0.057407
1.0 0.528385 0.466204 0.066146 0.069444
1.0 0.671094 0.293519 0.042188 0.046296
1.0 0.618490 0.425926 0.034896 0.075926
1.0 0.706510 0.191204 0.027604 0.041667
3.0 0.765104 0.179630 0.106250 0.120370
3.0 0.592448 0.324537 0.068229 0.080556
