0.0 0.830208 0.412500 0.011458 0.039815
0.0 0.652865 0.793981 0.008854 0.030556
0.0 0.262240 0.499074 0.010937 0.042593
0.0 0.352344 0.551389 0.008854 0.043519
0.0 0.354948 0.080556 0.006771 0.022222
1.0 0.399740 0.544907 0.054688 0.086111
1.0 0.226562 0.162963 0.042708 0.040741
1.0 0.479687 0.917593 0.077083 0.162963
1.0 0.344792 0.382407 0.040625 0.068519
1.0 0.435417 0.821759 0.070833 0.143519
2.0 0.304167 0.197685 0.019792 0.026852
2.0 0.899219 0.667130 0.049479 0.037963
3.0 0.629687 0.405556 0.076042 0.081481
3.0 0.554167 0.735185 0.066667 0.088889
