0.0 0.714319 0.416203 0.012114 0.034650
0.0 0.723171 0.360692 0.012114 0.035357
0.0 0.251203 0.573897 0.014909 0.034650
0.0 0.723870 0.300231 0.009784 0.034650
0.0 0.203680 0.665473 0.017705 0.035357
1.0 0.519102 0.280077 0.027023 0.070715
1.0 0.504659 0.527932 0.035409 0.101122
1.0 0.565694 0.432821 0.030750 0.070715
1.0 0.472977 0.274773 0.029818 0.068594
1.0 0.293135 0.688101 0.079205 0.089101
1.0 0.637910 0.753159 0.047523 0.142844
3.0 0.425687 0.224212 0.068489 0.171130
3.0 0.184345 0.828825 0.109489 0.082029
3.0 0.582932 0.235173 0.033546 0.079908
3.0 0.487653 0.772959 0.052648 0.209316
