0.0 0.927865 0.210185 0.014063 0.044444
0.0 0.380990 0.255556 0.010937 0.046296
0.0 0.339323 0.351389 0.013021 0.049074
0.0 0.351562 0.369444 0.006250 0.029630
0.0 0.129688 0.150926 0.012500 0.044444
0.0 0.704167 0.331481 0.011458 0.050000
0.0 0.913021 0.263426 0.014583 0.023148
0.0 0.948438 0.101852 0.011458 0.038889
1.0 0.649740 0.149537 0.039062 0.063889
1.0 0.747396 0.443981 0.052083 0.108333
2.0 0.627344 0.649074 0.032813 0.059259
2.0 0.691667 0.180556 0.011458 0.037037
3.0 0.455990 0.657870 0.156771 0.178704
