0.0 0.592448 0.287963 0.016146 0.040741
0.0 0.943229 0.803241 0.034375 0.069444
0.0 0.760417 0.193981 0.012500 0.043519
0.0 0.605990 0.255093 0.013021 0.045370
1.0 0.714844 0.443981 0.084896 0.086111
1.0 0.380729 0.367130 0.061458 0.099074
1.0 0.634896 0.385648 0.067708 0.063889
1.0 0.870052 0.275926 0.070312 0.066667
1.0 0.220052 0.279167 0.036979 0.067593
1.0 0.444792 0.543519 0.081250 0.179630
1.0 0.200000 0.178704 0.035417 0.062963
1.0 0.454167 0.329630 0.075000 0.090741
1.0 0.897396 0.335185 0.063542 0.068519
1.0 0.277344 0.255556 0.055729 0.101852
1.0 0.330990 0.240278 0.043229 0.078704
2.0 0.934635 0.237500 0.023438 0.037963
