0.0 0.388542 0.300463 0.008333 0.047222
0.0 0.186719 0.170833 0.011979 0.043519
0.0 0.284115 0.393056 0.015104 0.032407
0.0 0.597917 0.068056 0.007292 0.036111
0.0 0.309896 0.420833 0.010417 0.050926
0.0 0.179167 0.168056 0.010417 0.043519
0.0 0.139844 0.166204 0.011979 0.043519
1.0 0.275000 0.357870 0.078125 0.076852
1.0 0.777083 0.290278 0.041667 0.078704
1.0 0.810938 0.113426 0.041667 0.073148
1.0 0.087240 0.254630 0.076563 0.059259
1.0 0.797135 0.196759 0.023438 0.047222
2.0 0.455990 0.837037 0.035937 0.103704
