0.0 0.859375 0.374074 0.015625 0.035185
0.0 0.430990 0.620833 0.010937 0.043519
0.0 0.833854 0.372222 0.011458 0.037037
0.0 0.800260 0.467593 0.011979 0.040741
1.0 0.707031 0.387500 0.031771 0.043519
1.0 0.432292 0.300000 0.058333 0.053704
1.0 0.150000 0.189815 0.017708 0.027778
1.0 0.781510 0.532870 0.090104 0.073148
1.0 0.215365 0.879630 0.102604 0.174074
1.0 0.468750 0.468519 0.064583 0.066667
1.0 0.284375 0.189815 0.040625 0.040741
1.0 0.259635 0.216667 0.043229 0.040741
1.0 0.921875 0.679630 0.077083 0.081481
1.0 0.561979 0.311111 0.066667 0.074074
3.0 0.764844 0.594907 0.083854 0.080556
