0.0 0.533333 0.418519 0.006250 0.033333
0.0 0.812240 0.325463 0.010938 0.023148
0.0 0.533854 0.465278 0.007292 0.032407
0.0 0.711979 0.328704 0.011458 0.029630
1.0 0.239844 0.606019 0.029688 0.054630
1.0 0.391146 0.230093 0.027083 0.065741
1.0 0.185156 0.804630 0.060938 0.120370
1.0 0.276562 0.455556 0.038542 0.075926
1.0 0.286979 0.650463 0.056250 0.100926
1.0 0.757552 0.725926 0.103646 0.087037
1.0 0.727865 0.641204 0.082813 0.062037
1.0 0.422917 0.525463 0.063542 0.069444
2.0 0.419531 0.250000 0.007812 0.033333
2.0 0.397917 0.187963 0.006250 0.016667
