0 0.822656 0.423611 0.011979 0.041667
0 0.376823 0.345370 0.008854 0.038889
0 0.186458 0.754630 0.019792 0.059259
0 0.631510 0.070370 0.003646 0.018519
0 0.385156 0.325463 0.015104 0.032407
1 0.657031 0.290741 0.034896 0.064815
1 0.277083 0.463426 0.056250 0.060185
1 0.744531 0.110648 0.022396 0.034259
1 0.685156 0.088426 0.021354 0.034259
1 0.690885 0.175463 0.022396 0.043519
1 0.716406 0.088426 0.020313 0.034259
1 0.108073 0.312500 0.057813 0.056481
1 0.716406 0.516204 0.039062 0.084259
1 0.454167 0.601389 0.077083 0.113889
1 0.628646 0.381481 0.038542 0.079630
1 0.735677 0.401852 0.023438 0.048148
1 0.123438 0.087037 0.042708 0.035185
1 0.702083 0.137963 0.022917 0.040741
1 0.615625 0.273148 0.031250 0.057407
1 0.654167 0.173611 0.028125 0.045370
1 0.675521 0.227778 0.032292 0.055556
1 0.581250 0.350000 0.055208 0.094444
2 0.101562 0.548148 0.034375 0.042593