0.0 0.425260 0.420370 0.008854 0.040741
0.0 0.449219 0.405093 0.009896 0.043519
0.0 0.155469 0.267593 0.018229 0.040741
1.0 0.827083 0.480093 0.035417 0.060185
1.0 0.664062 0.194444 0.042708 0.100000
1.0 0.883854 0.675926 0.066667 0.120370
1.0 0.786719 0.323611 0.046354 0.082407
1.0 0.712240 0.543519 0.075521 0.103704
1.0 0.132292 0.806019 0.147917 0.117593
1.0 0.174740 0.691204 0.118229 0.084259
1.0 0.502083 0.492593 0.087500 0.066667
2.0 0.618229 0.233796 0.011458 0.049074
2.0 0.652865 0.129167 0.009896 0.028704
