0.0 0.277190 0.319130 0.015624 0.052838
0.0 0.287719 0.276453 0.014945 0.050806
0.0 0.247471 0.100157 0.015285 0.047758
0.0 0.460261 0.051891 0.008152 0.060968
1.0 0.422220 0.454274 0.035324 0.191030
1.0 0.520888 0.927821 0.032267 0.144358
1.0 0.469092 0.639717 0.031248 0.228627
1.0 0.357517 0.794675 0.039060 0.231675
1.0 0.374839 0.408550 0.037701 0.188998
1.0 0.521737 0.628540 0.029889 0.204240
2.0 0.478602 0.025945 0.010189 0.051891
3.0 0.592894 0.767782 0.079138 0.464436
3.0 0.539569 0.035599 0.058759 0.071198
3.0 0.387407 0.075227 0.035663 0.150455
