0.0 0.580208 0.304167 0.012500 0.052778
0.0 0.707031 0.668056 0.013021 0.071296
0.0 0.763802 0.867130 0.019271 0.082407
0.0 0.621875 0.168519 0.006250 0.053704
0.0 0.601562 0.185648 0.005208 0.054630
1.0 0.683073 0.367130 0.050521 0.091667
1.0 0.552344 0.483796 0.058854 0.087963
1.0 0.664323 0.293056 0.035937 0.073148
1.0 0.717448 0.235648 0.041146 0.078704
1.0 0.318750 0.073611 0.017708 0.060185
1.0 0.560417 0.959259 0.067708 0.081481
1.0 0.311198 0.010185 0.017187 0.020370
1.0 0.555990 0.364815 0.048438 0.088889
1.0 0.733333 0.305093 0.037500 0.080556
1.0 0.347135 0.053704 0.025521 0.088889
1.0 0.437760 0.368056 0.044271 0.119444
2.0 0.755469 0.190278 0.014062 0.045370
