0.0 0.581952 0.301489 0.015247 0.037033
0.0 0.739425 0.215797 0.010005 0.041338
0.0 0.595294 0.271777 0.008576 0.043061
1.0 0.691063 0.452633 0.082905 0.080955
1.0 0.385171 0.364358 0.055271 0.090428
1.0 0.609349 0.394500 0.061464 0.057702
1.0 0.838530 0.291585 0.064323 0.062008
1.0 0.245804 0.305364 0.034782 0.063731
1.0 0.442824 0.521530 0.072423 0.161909
1.0 0.226984 0.208908 0.032400 0.060286
1.0 0.451162 0.335507 0.066229 0.086122
1.0 0.863545 0.346703 0.058129 0.063731
1.0 0.299169 0.282112 0.051935 0.096457
1.0 0.343004 0.251968 0.038594 0.072343
2.0 0.897612 0.255844 0.021442 0.035310
