0.0 0.728385 0.400000 0.017187 0.057407
0.0 0.003125 0.316204 0.006250 0.054630
1.0 0.222135 0.084722 0.042187 0.060185
1.0 0.586198 0.619444 0.088021 0.127778
1.0 0.308073 0.933796 0.107813 0.132407
1.0 0.302083 0.111574 0.066667 0.097222
1.0 0.969010 0.337037 0.061979 0.085185
1.0 0.145573 0.041667 0.040104 0.044444
1.0 0.189583 0.174074 0.050000 0.070370
1.0 0.249479 0.139352 0.045833 0.076852
1.0 0.471615 0.945370 0.095313 0.109259
2.0 0.272396 0.061111 0.012500 0.018519
2.0 0.232552 0.700463 0.029688 0.034259
