0.0 0.872656 0.383796 0.023438 0.039815
0.0 0.861458 0.387963 0.016667 0.050000
1.0 0.564323 0.529630 0.066146 0.138889
1.0 0.207292 0.398611 0.067708 0.075000
1.0 0.801042 0.168056 0.035417 0.060185
1.0 0.383594 0.378704 0.118229 0.092593
1.0 0.120573 0.347222 0.078646 0.079630
1.0 0.592708 0.270833 0.056250 0.086111
1.0 0.373177 0.480556 0.081771 0.087037
1.0 0.183333 0.306019 0.077083 0.067593
2.0 0.526823 0.346759 0.026562 0.041667
2.0 0.776042 0.091667 0.011458 0.035185
3.0 0.711198 0.295833 0.063021 0.125000
3.0 0.083594 0.238426 0.092188 0.097222
