0.0 0.890365 0.357407 0.018229 0.050000
0.0 0.611719 0.312500 0.009896 0.047222
0.0 0.136719 0.640741 0.023438 0.061111
0.0 0.301563 0.425000 0.007292 0.031481
0.0 0.782292 0.362500 0.010417 0.052778
0.0 0.772917 0.379630 0.015625 0.050000
1.0 0.610417 0.238426 0.045833 0.076852
1.0 0.648958 0.916667 0.084375 0.164815
1.0 0.444010 0.476389 0.092188 0.113889
1.0 0.823438 0.052315 0.029167 0.043519
2.0 0.793490 0.218519 0.014062 0.040741
2.0 0.654167 0.284722 0.014583 0.043519
2.0 0.447396 0.658333 0.029167 0.085185
3.0 0.748437 0.159259 0.050000 0.096296
3.0 0.727865 0.553704 0.114063 0.292593
