0.0 0.084115 0.255093 0.016146 0.023148
0.0 0.912240 0.125463 0.013021 0.041667
0.0 0.684635 0.412037 0.015104 0.055556
0.0 0.901563 0.130093 0.012500 0.041667
0.0 0.112240 0.331481 0.017187 0.050000
1.0 0.284115 0.109259 0.032813 0.055556
1.0 0.585156 0.571296 0.068229 0.111111
1.0 0.339063 0.889352 0.083333 0.219444
1.0 0.347396 0.137037 0.052083 0.090741
1.0 0.879167 0.346296 0.079167 0.079630
1.0 0.221615 0.057407 0.029688 0.040741
1.0 0.254167 0.177315 0.037500 0.063889
1.0 0.306771 0.162963 0.035417 0.072222
1.0 0.470313 0.897685 0.073958 0.200926
2.0 0.323438 0.088426 0.010417 0.019444
2.0 0.283594 0.618056 0.022396 0.073148
3.0 0.915885 0.237963 0.092188 0.096296
