0.0 0.643490 0.350000 0.020313 0.044444
0.0 0.797917 0.537963 0.020833 0.059259
0.0 0.863281 0.603704 0.020313 0.061111
0.0 0.864583 0.679630 0.026042 0.064815
0.0 0.680469 0.237037 0.010937 0.044444
0.0 0.692188 0.224537 0.010417 0.045370
1.0 0.811458 0.387963 0.085417 0.077778
1.0 0.704167 0.454167 0.087500 0.086111
1.0 0.786458 0.321759 0.060417 0.063889
1.0 0.870052 0.275926 0.070312 0.066667
1.0 0.175781 0.050463 0.025521 0.041667
1.0 0.696354 0.371296 0.080208 0.083333
1.0 0.897396 0.335185 0.063542 0.068519
1.0 0.497917 0.471759 0.106250 0.091667
2.0 0.934635 0.237500 0.023438 0.037963
