0.0 0.852865 0.387963 0.027604 0.040741
0.0 0.825260 0.384259 0.017188 0.051852
1.0 0.510417 0.680556 0.080208 0.175926
1.0 0.184115 0.383796 0.066146 0.073148
1.0 0.810417 0.118056 0.033333 0.052778
1.0 0.310417 0.367593 0.113542 0.103704
1.0 0.096615 0.331944 0.077604 0.078704
1.0 0.563542 0.312500 0.067708 0.091667
1.0 0.306250 0.456944 0.078125 0.087963
1.0 0.148438 0.286574 0.075000 0.065741
2.0 0.468490 0.373148 0.030729 0.042593
2.0 0.781771 0.050926 0.010417 0.031481
3.0 0.730990 0.222222 0.055729 0.109259
3.0 0.060417 0.225000 0.090625 0.094444
