0.0 0.362240 0.352315 0.020313 0.043519
0.0 0.211198 0.518519 0.018229 0.059259
0.0 0.171615 0.571296 0.018229 0.059259
0.0 0.164062 0.640741 0.022917 0.064815
0.0 0.338542 0.240278 0.009375 0.045370
0.0 0.293229 0.217593 0.009375 0.046296
1.0 0.188542 0.387963 0.085417 0.077778
1.0 0.295833 0.454167 0.087500 0.086111
1.0 0.213542 0.321759 0.060417 0.063889
1.0 0.129948 0.275926 0.070312 0.066667
1.0 0.303646 0.371296 0.080208 0.083333
1.0 0.102604 0.335185 0.063542 0.068519
1.0 0.454167 0.486111 0.109375 0.077778
2.0 0.065365 0.237500 0.023438 0.037963
