0 0.346354 0.370370 0.018750 0.046296
0 0.221354 0.457870 0.014583 0.047222
0 0.229167 0.498148 0.016667 0.055556
0 0.248698 0.508796 0.015104 0.058333
0 0.455208 0.256944 0.014583 0.045370
0 0.200781 0.176852 0.011979 0.042593
1 0.672917 0.096759 0.036458 0.056481
1 0.135417 0.356481 0.082292 0.074074
1 0.237500 0.418519 0.083333 0.081481
1 0.164844 0.294907 0.058854 0.062037
1 0.084375 0.250463 0.067708 0.063889
1 0.250781 0.342593 0.077604 0.079630
1 0.053385 0.305093 0.060937 0.065741
1 0.379688 0.487037 0.110417 0.075926