0.0 0.363281 0.350926 0.021354 0.042593
0.0 0.215365 0.489815 0.016146 0.055556
0.0 0.210938 0.518056 0.015625 0.058333
0.0 0.212240 0.564815 0.021354 0.062963
0.0 0.376042 0.253241 0.009375 0.047222
0.0 0.262240 0.203704 0.011979 0.044444
1.0 0.188542 0.387500 0.085417 0.078704
1.0 0.295312 0.454167 0.087500 0.086111
1.0 0.213542 0.320833 0.060417 0.063889
1.0 0.129688 0.275463 0.069792 0.067593
1.0 0.158594 0.818519 0.118229 0.192593
1.0 0.303646 0.370370 0.080208 0.083333
1.0 0.102344 0.334722 0.064062 0.069444
1.0 0.443229 0.487500 0.109375 0.078704
2.0 0.065365 0.237037 0.023438 0.038889
