0.0 0.105208 0.329630 0.012500 0.040741
0.0 0.931510 0.112500 0.010938 0.041667
0.0 0.132292 0.375000 0.017708 0.053704
1.0 0.340365 0.263426 0.044271 0.082407
1.0 0.769010 0.409722 0.068229 0.069444
1.0 0.237240 0.367593 0.047396 0.092593
1.0 0.438281 0.311574 0.094271 0.123148
1.0 0.879167 0.346296 0.079167 0.079630
1.0 0.359115 0.165278 0.040104 0.071296
1.0 0.401562 0.388889 0.064583 0.105556
1.0 0.638021 0.404167 0.088542 0.080556
2.0 0.385417 0.231944 0.011458 0.036111
2.0 0.213542 0.254630 0.014583 0.046296
3.0 0.377344 0.618056 0.095312 0.210185
3.0 0.915885 0.237963 0.092188 0.096296
