0.0 0.410417 0.363889 0.005208 0.031481
0.0 0.251042 0.303704 0.011458 0.027778
0.0 0.216146 0.502778 0.029167 0.024074
0.0 0.575000 0.237037 0.008333 0.012963
0.0 0.244792 0.520370 0.018750 0.038889
0.0 0.161719 0.278241 0.010937 0.026852
0.0 0.235417 0.313426 0.012500 0.028704
1.0 0.604427 0.333333 0.047396 0.055556
1.0 0.768229 0.217130 0.037500 0.041667
1.0 0.664583 0.722685 0.080208 0.137963
1.0 0.748177 0.432407 0.063021 0.087037
1.0 0.371094 0.441204 0.094271 0.052778
1.0 0.715625 0.559259 0.037500 0.051852
2.0 0.648438 0.364352 0.014583 0.026852
