0.0 0.128646 0.213426 0.009375 0.032407
0.0 0.804167 0.244907 0.011458 0.025000
0.0 0.799740 0.255093 0.010937 0.034259
0.0 0.414062 0.158333 0.007292 0.020370
0.0 0.705208 0.287037 0.012500 0.027778
1.0 0.304688 0.163426 0.026042 0.043519
1.0 0.499219 0.675463 0.098438 0.104630
1.0 0.913281 0.153704 0.043229 0.035185
1.0 0.764062 0.376852 0.063542 0.062963
1.0 0.329167 0.243519 0.029167 0.055556
1.0 0.252344 0.078704 0.016146 0.029630
1.0 0.329167 0.127315 0.021875 0.039815
1.0 0.878646 0.084722 0.039583 0.037963
1.0 0.282813 0.081019 0.020833 0.036111
1.0 0.855990 0.094444 0.045312 0.033333
1.0 0.840885 0.338889 0.066146 0.050000
1.0 0.366146 0.212037 0.035417 0.059259
1.0 0.224219 0.126852 0.022396 0.035185
