0.0 0.804502 0.233610 0.011491 0.048009
0.0 0.171328 0.019324 0.008320 0.038648
0.0 0.309414 0.429157 0.010302 0.062060
0.0 0.183413 0.024593 0.010302 0.049186
0.0 0.781521 0.337238 0.011491 0.067915
1.0 0.646208 0.086656 0.028528 0.084308
1.0 0.376179 0.476580 0.054283 0.105385
1.0 0.667803 0.603043 0.046358 0.175642
1.0 0.591331 0.133494 0.045566 0.135829
1.0 0.211347 0.306794 0.059831 0.100702
1.0 0.629369 0.015811 0.026547 0.031622
1.0 0.711983 0.015226 0.025358 0.030451
1.0 0.625208 0.175649 0.030906 0.107727
1.0 0.502774 0.593676 0.060227 0.175642
2.0 0.613520 0.059139 0.008320 0.033958
2.0 0.695142 0.386418 0.013868 0.072598
3.0 0.516245 0.958429 0.091133 0.083143
3.0 0.183215 0.169208 0.070133 0.122949
