0.0 0.117188 0.380556 0.023958 0.046296
0.0 0.132292 0.375463 0.016667 0.052778
1.0 0.413542 0.467593 0.060417 0.124074
1.0 0.792188 0.397685 0.067708 0.075000
1.0 0.204167 0.194907 0.036458 0.063889
1.0 0.585417 0.378241 0.116667 0.093519
1.0 0.879167 0.346296 0.079167 0.079630
1.0 0.397135 0.250463 0.047396 0.084259
1.0 0.592708 0.481481 0.081250 0.087037
1.0 0.796094 0.317593 0.078646 0.068519
2.0 0.450781 0.341204 0.022396 0.021296
2.0 0.220312 0.114815 0.011458 0.037037
3.0 0.300521 0.337500 0.066667 0.134259
3.0 0.915885 0.237963 0.092188 0.096296
