0.0 0.630664 0.356430 0.017168 0.038231
0.0 0.816168 0.617540 0.020983 0.051245
0.0 0.902959 0.761516 0.032428 0.061006
0.0 0.687650 0.253125 0.011922 0.038231
0.0 0.659992 0.266140 0.007153 0.041484
1.0 0.785171 0.401576 0.078208 0.068328
1.0 0.602528 0.488205 0.090606 0.070768
1.0 0.762281 0.343416 0.055318 0.056126
1.0 0.838820 0.303151 0.064378 0.058567
1.0 0.216974 0.173817 0.027181 0.043925
1.0 0.205053 0.116064 0.026228 0.039044
1.0 0.598475 0.399542 0.076777 0.064260
1.0 0.863856 0.355210 0.058179 0.060194
1.0 0.259893 0.159989 0.039580 0.063447
1.0 0.410824 0.410523 0.073439 0.087850
2.0 0.897952 0.269394 0.021460 0.033350
