0.0 0.419010 0.424074 0.008854 0.044444
0.0 0.450521 0.401389 0.009375 0.047222
0.0 0.532813 0.051852 0.010417 0.029630
0.0 0.149479 0.267130 0.018750 0.039815
1.0 0.818490 0.448611 0.033854 0.058333
1.0 0.666406 0.209259 0.043229 0.103704
1.0 0.872135 0.632407 0.063021 0.112963
1.0 0.780208 0.300463 0.044792 0.078704
1.0 0.689323 0.517130 0.073438 0.097222
1.0 0.132292 0.806019 0.147917 0.117593
1.0 0.174740 0.691204 0.118229 0.084259
1.0 0.476042 0.488889 0.087500 0.068519
2.0 0.615365 0.252778 0.011979 0.050000
2.0 0.654427 0.140741 0.009896 0.029630
3.0 0.644531 0.059259 0.030729 0.090741
