0.0 0.564583 0.844907 0.008333 0.065741
0.0 0.655208 0.821296 0.010417 0.062963
0.0 0.499740 0.747222 0.006771 0.059259
0.0 0.417187 0.178241 0.004167 0.050926
0.0 0.375521 0.588426 0.006250 0.060185
0.0 0.349740 0.541204 0.006771 0.062037
0.0 0.533594 0.843981 0.011979 0.062037
0.0 0.650260 0.142593 0.006771 0.048148
1.0 0.489323 0.314815 0.034896 0.085185
1.0 0.540625 0.385185 0.038542 0.081481
1.0 0.364063 0.142593 0.019792 0.064815
1.0 0.431510 0.389815 0.020313 0.112963
1.0 0.408594 0.075926 0.017187 0.062963
3.0 0.372917 0.075000 0.063542 0.150000
3.0 0.442448 0.234722 0.039062 0.117593
