0.0 0.610559 0.321961 0.006890 0.041660
0.0 0.803177 0.246108 0.012528 0.037730
0.0 0.861119 0.510219 0.035704 0.029870
0.0 0.402908 0.153747 0.010022 0.021223
0.0 0.828547 0.536945 0.018165 0.050307
0.0 0.924073 0.207199 0.015034 0.033800
0.0 0.819464 0.256719 0.013780 0.038516
1.0 0.363444 0.270475 0.057629 0.070744
1.0 0.170827 0.137240 0.048233 0.055809
1.0 0.310200 0.834462 0.105235 0.178432
1.0 0.198701 0.433186 0.080180 0.119479
1.0 0.632797 0.435544 0.119016 0.070744
1.0 0.241297 0.610440 0.047606 0.071530
2.0 0.308322 0.307026 0.017539 0.035372
