0.0 0.591927 0.290278 0.005729 0.049074
0.0 0.747396 0.201389 0.011458 0.043519
0.0 0.805729 0.520833 0.031250 0.036111
0.0 0.418229 0.090278 0.008333 0.028704
0.0 0.777865 0.551852 0.021354 0.061111
0.0 0.857292 0.152778 0.012500 0.040741
0.0 0.761979 0.215741 0.013542 0.046296
1.0 0.384635 0.224537 0.047396 0.082407
1.0 0.227083 0.076852 0.039583 0.066667
1.0 0.346615 0.904630 0.089063 0.188889
1.0 0.251302 0.431944 0.067187 0.143519
1.0 0.601823 0.430556 0.095312 0.092593
1.0 0.287760 0.646759 0.040104 0.086111
2.0 0.338281 0.265278 0.014063 0.041667
