0.0 0.391667 0.297222 0.019792 0.044444
0.0 0.107813 0.718056 0.031250 0.065741
0.0 0.264323 0.205556 0.009896 0.044444
0.0 0.355729 0.246296 0.012500 0.046296
1.0 0.234896 0.415278 0.088542 0.080556
1.0 0.552865 0.440278 0.088021 0.095370
1.0 0.296615 0.367593 0.064063 0.068519
1.0 0.129688 0.275463 0.069792 0.067593
1.0 0.792188 0.215741 0.033333 0.059259
1.0 0.500260 0.693519 0.098437 0.224074
1.0 0.809115 0.130556 0.032813 0.055556
1.0 0.497135 0.360185 0.082813 0.088889
1.0 0.102344 0.334722 0.064062 0.069444
1.0 0.739323 0.193981 0.050521 0.089815
1.0 0.646094 0.303704 0.048438 0.090741
2.0 0.065365 0.237037 0.023438 0.038889
