0.0 0.663844 0.658919 0.010203 0.051691
0.0 0.706906 0.552239 0.011703 0.047291
0.0 0.364514 0.367476 0.007502 0.056089
0.0 0.677348 0.717207 0.009603 0.056089
0.0 0.270588 0.927267 0.012904 0.062688
0.0 0.360762 0.314685 0.007202 0.051691
0.0 0.619132 0.496700 0.010203 0.052789
1.0 0.624683 0.776046 0.062117 0.158369
1.0 0.458289 0.508248 0.021005 0.124276
1.0 0.516055 0.134871 0.017705 0.090183
1.0 0.504351 0.817289 0.026707 0.207860
1.0 0.414927 0.730955 0.027307 0.200162
3.0 0.547863 0.102079 0.044112 0.204158
