0.0 0.640625 0.350926 0.021875 0.044444
0.0 0.795052 0.529630 0.017188 0.061111
0.0 0.849740 0.591667 0.020313 0.059259
0.0 0.854427 0.667593 0.025521 0.064815
0.0 0.674479 0.237500 0.008333 0.045370
0.0 0.696875 0.222222 0.010417 0.046296
1.0 0.811458 0.387963 0.085417 0.077778
1.0 0.704167 0.454167 0.087500 0.086111
1.0 0.786458 0.321759 0.060417 0.063889
1.0 0.870052 0.275926 0.070312 0.066667
1.0 0.696354 0.371296 0.080208 0.083333
1.0 0.897396 0.335185 0.063542 0.068519
1.0 0.516667 0.479167 0.108333 0.086111
2.0 0.934635 0.237500 0.023438 0.037963
