0.0 0.133594 0.261574 0.009896 0.034259
0.0 0.847135 0.228704 0.010938 0.025926
0.0 0.747917 0.270370 0.010417 0.037037
0.0 0.401042 0.131481 0.007292 0.018519
0.0 0.737760 0.269907 0.013021 0.023148
1.0 0.312240 0.190741 0.028646 0.048148
1.0 0.333594 0.455556 0.045313 0.088889
1.0 0.282031 0.076852 0.016146 0.031481
1.0 0.859115 0.094444 0.047396 0.038889
1.0 0.764062 0.376852 0.063542 0.062963
1.0 0.329167 0.243519 0.029167 0.055556
1.0 0.347917 0.178241 0.023958 0.045370
1.0 0.942448 0.123148 0.047396 0.044444
1.0 0.297917 0.139815 0.026042 0.044444
1.0 0.927865 0.139815 0.053646 0.040741
1.0 0.840885 0.338889 0.066146 0.050000
1.0 0.367188 0.221296 0.035417 0.072222
1.0 0.226042 0.056019 0.019792 0.028704
2.0 0.898438 0.547685 0.034375 0.043519
