0.0 0.160677 0.358796 0.010937 0.039815
0.0 0.921875 0.193519 0.010417 0.024074
0.0 0.669271 0.304630 0.010417 0.037037
0.0 0.379948 0.093981 0.006771 0.012037
0.0 0.675781 0.300463 0.011979 0.030556
1.0 0.312760 0.190741 0.028646 0.048148
1.0 0.516146 0.656019 0.054167 0.102778
1.0 0.277083 0.206019 0.029167 0.045370
1.0 0.289323 0.109259 0.019271 0.035185
1.0 0.764063 0.376852 0.063542 0.062963
1.0 0.350000 0.929167 0.061458 0.139815
1.0 0.476823 0.943056 0.054688 0.112037
1.0 0.329427 0.244444 0.029687 0.055556
1.0 0.309896 0.705556 0.033333 0.074074
1.0 0.876562 0.087037 0.042708 0.035185
1.0 0.283073 0.080093 0.018229 0.034259
1.0 0.348177 0.178241 0.023438 0.045370
1.0 0.314583 0.087500 0.022917 0.034259
1.0 0.300000 0.146759 0.027083 0.043519
1.0 0.841406 0.338889 0.066146 0.050000
1.0 0.367448 0.222222 0.035937 0.072222
2.0 0.898438 0.548148 0.034375 0.042593
