0.0 0.885938 0.379167 0.012500 0.036111
0.0 0.620312 0.752778 0.006250 0.027778
0.0 0.261719 0.454167 0.010937 0.037963
0.0 0.346875 0.552778 0.011458 0.042593
0.0 0.299219 0.078241 0.005729 0.025000
1.0 0.271094 0.787037 0.076563 0.127778
1.0 0.136198 0.126852 0.020313 0.031481
1.0 0.409115 0.888889 0.044271 0.088889
1.0 0.480208 0.917593 0.077083 0.162963
1.0 0.279948 0.637500 0.076563 0.113889
1.0 0.525781 0.599537 0.058854 0.099074
2.0 0.219010 0.159722 0.018229 0.025000
2.0 0.899219 0.667130 0.049479 0.037963
3.0 0.429167 0.493981 0.081250 0.115741
3.0 0.554427 0.710648 0.067187 0.139815
