0.0 0.960525 0.459772 0.036550 0.030361
0.0 0.042398 0.149332 0.011695 0.021253
0.0 0.092471 0.433585 0.021199 0.029602
0.0 0.252924 0.364514 0.013158 0.029602
1.0 0.459064 0.317455 0.083333 0.040228
1.0 0.111113 0.222578 0.062866 0.032638
1.0 0.960160 0.456356 0.079680 0.055409
1.0 0.098320 0.825240 0.152777 0.151045
1.0 0.772660 0.400568 0.099414 0.051613
1.0 0.548977 0.714803 0.076024 0.097155
2.0 0.225879 0.284438 0.029239 0.022771
2.0 0.485380 0.383490 0.019006 0.025048
3.0 0.589182 0.403983 0.124269 0.148010
3.0 0.256214 0.251420 0.114766 0.067553
