0.0 0.591667 0.290278 0.006250 0.049074
0.0 0.768490 0.191667 0.010937 0.044444
0.0 0.776823 0.493056 0.028646 0.036111
0.0 0.427344 0.098148 0.006771 0.007407
0.0 0.747917 0.516667 0.013542 0.059259
0.0 0.838542 0.160185 0.013542 0.042593
0.0 0.784115 0.205556 0.013021 0.044444
1.0 0.401562 0.262500 0.051042 0.089815
1.0 0.220573 0.051852 0.038021 0.062963
1.0 0.317969 0.780556 0.077604 0.194444
1.0 0.237760 0.367130 0.061979 0.126852
1.0 0.658594 0.393519 0.095313 0.077778
1.0 0.269010 0.550000 0.036979 0.075926
2.0 0.354687 0.313426 0.015625 0.043519
