0.0 0.099740 0.289352 0.015104 0.037963
0.0 0.931510 0.115278 0.010938 0.039815
0.0 0.750521 0.443056 0.013542 0.049074
0.0 0.916146 0.122222 0.013542 0.040741
0.0 0.129948 0.370370 0.015104 0.053704
1.0 0.307812 0.172685 0.037500 0.067593
1.0 0.662240 0.480556 0.071354 0.083333
1.0 0.279167 0.580556 0.060417 0.138889
1.0 0.379948 0.209722 0.059896 0.106481
1.0 0.879167 0.346296 0.079167 0.079630
1.0 0.329948 0.097685 0.034896 0.062037
1.0 0.221094 0.102778 0.032812 0.051852
1.0 0.335417 0.243519 0.040625 0.085185
1.0 0.495833 0.573148 0.079167 0.138889
2.0 0.350521 0.151389 0.010417 0.026852
2.0 0.243490 0.409722 0.018229 0.056481
3.0 0.478385 0.913889 0.120313 0.168519
3.0 0.915885 0.237963 0.092188 0.096296
