0.0 0.119531 0.373611 0.016146 0.052778
0.0 0.385156 0.314815 0.008854 0.050000
0.0 0.891667 0.688889 0.028125 0.062963
0.0 0.706510 0.405556 0.007812 0.033333
0.0 0.218490 0.355556 0.011979 0.038889
0.0 0.249740 0.349074 0.008854 0.025926
1.0 0.416927 0.293519 0.058854 0.085185
1.0 0.325781 0.818519 0.080729 0.216667
1.0 0.622396 0.416204 0.097917 0.082407
2.0 0.197656 0.175463 0.013021 0.037963
2.0 0.368229 0.349074 0.016667 0.048148
2.0 0.600521 0.545833 0.033333 0.067593
3.0 0.239844 0.119907 0.046354 0.087963
3.0 0.259375 0.490278 0.106250 0.265741
