0.0 0.794271 0.161574 0.011458 0.032407
0.0 0.368750 0.378704 0.010417 0.075926
0.0 0.215365 0.008796 0.008854 0.017593
0.0 0.773958 0.268056 0.011458 0.069444
1.0 0.439063 0.599074 0.047917 0.153704
1.0 0.613542 0.943519 0.059375 0.112963
1.0 0.607813 0.030556 0.036458 0.061111
1.0 0.230990 0.288426 0.055729 0.110185
1.0 0.673177 0.038889 0.026562 0.057407
1.0 0.636458 0.033796 0.025000 0.067593
1.0 0.520833 0.955556 0.052083 0.088889
2.0 0.652865 0.662500 0.016146 0.100926
3.0 0.204948 0.138426 0.065104 0.134259
