0 0.331250 0.384722 0.021875 0.047222
0 0.234635 0.453704 0.017188 0.050000
0 0.230729 0.489352 0.016667 0.056481
0 0.251563 0.503704 0.014583 0.051852
0 0.065104 0.697222 0.029167 0.066667
0 0.499740 0.257407 0.014063 0.044444
0 0.177083 0.166667 0.013542 0.042593
1 0.651042 0.146296 0.040625 0.064815
1 0.068490 0.315741 0.077604 0.068519
1 0.158854 0.370833 0.078125 0.075000
1 0.095833 0.256481 0.056250 0.057407
1 0.173437 0.300000 0.073958 0.074074
1 0.285417 0.444907 0.087500 0.084259
3 0.728646 0.061574 0.051042 0.089815