0.0 0.648958 0.337037 0.017708 0.042593
0.0 0.840365 0.621296 0.020313 0.059259
0.0 0.939583 0.687500 0.023958 0.063889
0.0 0.929167 0.781944 0.033333 0.069444
0.0 0.700781 0.221759 0.011979 0.045370
0.0 0.676302 0.231944 0.010937 0.045370
1.0 0.811458 0.387963 0.085417 0.077778
1.0 0.629688 0.484259 0.096875 0.083333
1.0 0.786458 0.321759 0.060417 0.063889
1.0 0.870052 0.275926 0.070312 0.066667
1.0 0.188542 0.117130 0.029167 0.049074
1.0 0.176042 0.054167 0.028125 0.043519
1.0 0.622396 0.387037 0.085417 0.075926
1.0 0.897396 0.335185 0.063542 0.068519
1.0 0.234635 0.102315 0.042188 0.071296
1.0 0.412500 0.409259 0.086458 0.098148
2.0 0.934635 0.237500 0.023438 0.037963
