0.0 0.592969 0.312963 0.014062 0.059259
0.0 0.692708 0.451389 0.011458 0.063889
0.0 0.686198 0.505093 0.010937 0.071296
0.0 0.673958 0.530556 0.012500 0.074074
0.0 0.547656 0.190278 0.008854 0.058333
0.0 0.689583 0.099537 0.007292 0.056481
1.0 0.711719 0.355093 0.057812 0.099074
1.0 0.637240 0.441667 0.058854 0.109259
1.0 0.694531 0.271296 0.041146 0.081481
1.0 0.752865 0.211111 0.047396 0.083333
1.0 0.632031 0.336111 0.053646 0.105556
1.0 0.771615 0.285185 0.042188 0.085185
1.0 0.537760 0.484259 0.073437 0.098148
2.0 0.797396 0.162037 0.015625 0.048148
