0.0 0.198177 0.248148 0.010937 0.025926
0.0 0.181771 0.240278 0.009375 0.036111
0.0 0.570573 0.188426 0.007812 0.019444
0.0 0.344792 0.308333 0.013542 0.027778
1.0 0.714844 0.095370 0.022396 0.035185
1.0 0.240365 0.649074 0.094271 0.105556
1.0 0.114323 0.131019 0.039062 0.034259
1.0 0.246875 0.382407 0.063542 0.062963
1.0 0.686719 0.189815 0.026562 0.048148
1.0 0.736458 0.147222 0.020833 0.035185
1.0 0.689583 0.063889 0.016667 0.033333
1.0 0.121354 0.085648 0.039583 0.037963
1.0 0.144010 0.095370 0.045312 0.033333
1.0 0.158594 0.338889 0.066146 0.050000
1.0 0.666146 0.134259 0.029167 0.057407
1.0 0.763021 0.211111 0.027083 0.046296
