0.0 0.137240 0.296296 0.009896 0.037037
0.0 0.873177 0.212963 0.010937 0.024074
0.0 0.726823 0.283333 0.008854 0.035185
0.0 0.394271 0.118981 0.007292 0.019444
0.0 0.736458 0.270833 0.011458 0.023148
1.0 0.312760 0.190741 0.028646 0.048148
1.0 0.306510 0.337037 0.036979 0.066667
1.0 0.287760 0.103704 0.019271 0.035185
1.0 0.925260 0.129630 0.055729 0.057407
1.0 0.764063 0.376852 0.063542 0.062963
1.0 0.329427 0.244444 0.029687 0.055556
1.0 0.281771 0.052315 0.016667 0.030556
1.0 0.348177 0.178241 0.023438 0.045370
1.0 0.300000 0.146759 0.027083 0.043519
1.0 0.841406 0.338889 0.066146 0.050000
1.0 0.367448 0.222222 0.035937 0.072222
2.0 0.898438 0.548148 0.034375 0.042593
