0.0 0.455729 0.273148 0.009375 0.046296
0.0 0.325000 0.234259 0.011458 0.046296
0.0 0.069010 0.677778 0.039062 0.038889
0.0 0.606510 0.053704 0.008854 0.035185
0.0 0.091406 0.707870 0.029687 0.065741
0.0 0.083854 0.122685 0.012500 0.039815
0.0 0.306250 0.244907 0.008333 0.047222
1.0 0.649219 0.148611 0.041146 0.069444
1.0 0.729688 0.229630 0.053125 0.096296
1.0 0.800781 0.170370 0.033854 0.059259
1.0 0.652344 0.894907 0.106771 0.208333
1.0 0.532552 0.890741 0.072396 0.216667
1.0 0.053385 0.055093 0.065104 0.043519
2.0 0.691406 0.182407 0.011979 0.037037
