0.0 0.897135 0.297685 0.016146 0.043519
0.0 0.062240 0.111111 0.010937 0.040741
0.0 0.234896 0.450926 0.014583 0.055556
0.0 0.080469 0.119907 0.013021 0.041667
0.0 0.867188 0.375000 0.017708 0.053704
1.0 0.684115 0.193519 0.039062 0.070370
1.0 0.305990 0.459259 0.071354 0.081481
1.0 0.732292 0.519444 0.057292 0.124074
1.0 0.610417 0.231019 0.062500 0.112037
1.0 0.120312 0.346296 0.079167 0.079630
1.0 0.663021 0.113889 0.035417 0.062963
1.0 0.793490 0.086111 0.031771 0.050000
1.0 0.652865 0.275000 0.043229 0.090741
2.0 0.641146 0.168519 0.010417 0.027778
2.0 0.764844 0.366667 0.017188 0.053704
3.0 0.544792 0.867130 0.126042 0.263889
3.0 0.083594 0.237963 0.092188 0.096296
