0.0 0.918229 0.352778 0.032292 0.061111
0.0 0.885938 0.345370 0.019792 0.068519
1.0 0.532552 0.678241 0.086979 0.223148
1.0 0.155469 0.358333 0.075521 0.101852
1.0 0.856771 0.018056 0.039583 0.036111
1.0 0.307552 0.328241 0.135938 0.137963
1.0 0.053385 0.285648 0.091146 0.108333
1.0 0.585156 0.226852 0.073437 0.122222
1.0 0.302604 0.459722 0.092708 0.123148
1.0 0.112240 0.221759 0.088021 0.089815
2.0 0.485417 0.318056 0.034375 0.056481
3.0 0.761458 0.149537 0.066667 0.156481
3.0 0.030469 0.135648 0.060937 0.132407
