0.0 0.800260 0.390741 0.015104 0.038889
0.0 0.808854 0.327778 0.013542 0.035185
0.0 0.158594 0.576389 0.022396 0.036111
0.0 0.808333 0.274074 0.014583 0.037037
0.0 0.110677 0.640278 0.022396 0.036111
1.0 0.526042 0.269444 0.037500 0.074074
1.0 0.498698 0.622685 0.053646 0.123148
1.0 0.590625 0.363426 0.039583 0.065741
1.0 0.462240 0.264352 0.041146 0.071296
1.0 0.096875 0.727778 0.116667 0.074074
1.0 0.682031 0.648148 0.058854 0.125926
3.0 0.396875 0.211574 0.094792 0.178704
3.0 0.628906 0.181019 0.044271 0.076852
3.0 0.478646 0.852778 0.065625 0.090741
