0.0 0.302865 0.552778 0.013021 0.037037
0.0 0.497917 0.645833 0.006250 0.041667
0.0 0.291406 0.565278 0.011979 0.039815
0.0 0.242188 0.416204 0.011458 0.039815
0.0 0.117188 0.641667 0.022917 0.046296
0.0 0.244792 0.530556 0.019792 0.027778
1.0 0.701042 0.381944 0.061458 0.062037
1.0 0.479687 0.917593 0.077083 0.162963
1.0 0.213281 0.888426 0.102604 0.169444
1.0 0.426042 0.845370 0.072917 0.150000
1.0 0.705469 0.492593 0.057813 0.062963
1.0 0.158333 0.835648 0.107292 0.162037
1.0 0.206510 0.153241 0.034896 0.037963
2.0 0.884115 0.465741 0.036979 0.038889
2.0 0.899219 0.667130 0.049479 0.037963
3.0 0.554167 0.709722 0.066667 0.139815
3.0 0.865365 0.560185 0.107813 0.118519
