0.0 0.442708 0.291204 0.004167 0.049074
0.0 0.357552 0.214815 0.007812 0.037037
0.0 0.292969 0.544907 0.019271 0.037963
0.0 0.554948 0.086574 0.004687 0.037963
0.0 0.310937 0.589352 0.011458 0.056481
0.0 0.268229 0.146296 0.009375 0.038889
0.0 0.347396 0.223148 0.006250 0.046296
1.0 0.579167 0.198148 0.028125 0.077778
1.0 0.664323 0.103241 0.025521 0.071296
1.0 0.699219 0.063889 0.017187 0.042593
1.0 0.646094 0.501389 0.044271 0.163889
1.0 0.466406 0.479167 0.057812 0.113889
1.0 0.618750 0.750926 0.027083 0.098148
2.0 0.606771 0.235185 0.008333 0.040741
