0.0 0.897370 0.283979 0.013013 0.036245
0.0 0.412044 0.308626 0.007229 0.036245
0.0 0.331316 0.402138 0.011567 0.037695
0.0 0.347944 0.416998 0.007229 0.025371
0.0 0.142872 0.220912 0.011567 0.031896
0.0 0.689408 0.368792 0.011567 0.039145
0.0 0.875683 0.327473 0.012049 0.026096
0.0 0.910864 0.177418 0.011085 0.030446
1.0 0.638562 0.225986 0.036146 0.049293
1.0 0.742422 0.397426 0.043376 0.073216
2.0 0.677359 0.564879 0.025061 0.047119
2.0 0.677600 0.249909 0.011085 0.028996
3.0 0.544340 0.584451 0.131091 0.144256
