0.0 0.486198 0.264352 0.019271 0.037963
0.0 0.193490 0.173611 0.010937 0.043519
0.0 0.451562 0.255556 0.011458 0.046296
1.0 0.461458 0.706481 0.075000 0.174074
1.0 0.682813 0.199074 0.039583 0.070370
1.0 0.584115 0.288426 0.048437 0.076852
1.0 0.129688 0.275463 0.069792 0.067593
1.0 0.732292 0.520833 0.050000 0.104630
1.0 0.646875 0.289815 0.056250 0.116667
1.0 0.810156 0.121759 0.040104 0.065741
1.0 0.765365 0.353704 0.046354 0.098148
1.0 0.625260 0.199074 0.045312 0.079630
1.0 0.190365 0.388889 0.067188 0.074074
1.0 0.657813 0.483796 0.077083 0.160185
1.0 0.708594 0.129630 0.034896 0.059259
2.0 0.065365 0.237037 0.023438 0.038889
