0.0 0.688542 0.888889 0.012500 0.042593
0.0 0.604427 0.490741 0.008854 0.040741
0.0 0.360938 0.253241 0.006250 0.043519
0.0 0.587760 0.476389 0.006771 0.043519
0.0 0.313281 0.530093 0.008854 0.045370
0.0 0.401563 0.478704 0.010417 0.040741
0.0 0.524479 0.469907 0.007292 0.039815
1.0 0.484896 0.113889 0.013542 0.062963
1.0 0.460156 0.104630 0.013021 0.055556
1.0 0.516146 0.231019 0.016667 0.075000
1.0 0.433333 0.187500 0.015625 0.076852
3.0 0.544531 0.153704 0.041146 0.214815
3.0 0.488281 0.201389 0.018229 0.128704
