0.0 0.277797 0.644048 0.014361 0.042715
0.0 0.247080 0.546350 0.013563 0.041806
0.0 0.679518 0.361859 0.008776 0.047259
0.0 0.278196 0.617238 0.015957 0.043623
0.0 0.789423 0.763559 0.017952 0.041806
0.0 0.688095 0.376400 0.009175 0.045441
0.0 0.367356 0.478188 0.010771 0.041806
1.0 0.252664 0.779462 0.089360 0.093608
1.0 0.555650 0.399575 0.025930 0.088156
1.0 0.476463 0.225081 0.023936 0.077250
1.0 0.487035 0.916695 0.040292 0.146320
1.0 0.607910 0.554075 0.032314 0.139050
3.0 0.436371 0.145560 0.058643 0.219935
3.0 0.521143 0.075126 0.023138 0.111785
