0.0 0.898698 0.217593 0.015104 0.059259
0.0 0.869531 0.319444 0.018229 0.075926
1.0 0.677865 0.087963 0.041146 0.107407
1.0 0.276042 0.415278 0.068750 0.115741
1.0 0.744271 0.450000 0.054167 0.162963
1.0 0.597135 0.156019 0.077604 0.167593
1.0 0.117708 0.278704 0.079167 0.114815
1.0 0.640885 0.225463 0.045312 0.136111
1.0 0.441406 0.454630 0.085938 0.153704
2.0 0.632812 0.056481 0.011458 0.050000
2.0 0.774219 0.250463 0.016146 0.073148
3.0 0.574219 0.870833 0.114062 0.258333
3.0 0.080729 0.122222 0.092708 0.140741
