0.0 0.626467 0.393443 0.007882 0.024934
0.0 0.846799 0.348045 0.014331 0.022581
0.0 0.913077 0.506116 0.040841 0.017877
0.0 0.388939 0.292767 0.011464 0.012702
0.0 0.875818 0.522111 0.020779 0.030109
0.0 0.985089 0.324758 0.017197 0.020229
0.0 0.865429 0.354396 0.015763 0.023052
1.0 0.343797 0.362629 0.065921 0.042340
1.0 0.123465 0.282887 0.055172 0.033402
1.0 0.282892 0.700176 0.120377 0.106792
1.0 0.155350 0.460012 0.091716 0.071509
1.0 0.651904 0.461423 0.136140 0.042340
1.0 0.204075 0.566098 0.054456 0.042811
2.0 0.280743 0.384504 0.020062 0.021170
