0.0 0.362240 0.352315 0.020312 0.045370
0.0 0.214062 0.471296 0.016667 0.053704
0.0 0.220312 0.506019 0.016667 0.056481
0.0 0.235417 0.532870 0.015625 0.060185
0.0 0.405990 0.255093 0.007812 0.045370
0.0 0.235417 0.192593 0.011458 0.044444
1.0 0.188542 0.387500 0.085417 0.078704
1.0 0.295312 0.454167 0.087500 0.086111
1.0 0.213542 0.320833 0.060417 0.063889
1.0 0.129688 0.275463 0.069792 0.067593
1.0 0.303646 0.370370 0.080208 0.083333
1.0 0.102344 0.334722 0.064062 0.069444
1.0 0.443229 0.487500 0.109375 0.078704
2.0 0.065365 0.237037 0.023438 0.038889
