0.0 0.482068 0.201420 0.025180 0.049178
0.0 0.049436 0.085500 0.020602 0.053862
0.0 0.434762 0.192052 0.011445 0.058545
1.0 0.450022 0.786871 0.112165 0.227156
1.0 0.770490 0.113602 0.057226 0.088988
1.0 0.629714 0.223666 0.070198 0.096014
1.0 0.836874 0.543323 0.074013 0.135824
1.0 0.719369 0.223666 0.081643 0.145192
1.0 0.953615 0.035725 0.058752 0.071450
1.0 0.886851 0.326121 0.068672 0.127628
1.0 0.686940 0.114187 0.065620 0.099527
1.0 0.058593 0.365347 0.098429 0.093672
1.0 0.726999 0.495902 0.115216 0.207250
1.0 0.807498 0.031627 0.050359 0.063253
