0.0 0.388021 0.378241 0.021875 0.023148
0.0 0.021094 0.642593 0.029687 0.037037
0.0 0.216927 0.326852 0.014063 0.025926
0.0 0.348698 0.356019 0.009896 0.026852
1.0 0.210677 0.456019 0.103646 0.049074
1.0 0.590104 0.452315 0.091667 0.056481
1.0 0.289062 0.427778 0.076042 0.038889
1.0 0.072917 0.369907 0.081250 0.037963
1.0 0.832552 0.345833 0.041146 0.036111
1.0 0.522396 0.581481 0.106250 0.120370
1.0 0.853385 0.294444 0.038021 0.033333
1.0 0.515365 0.413889 0.092187 0.051852
1.0 0.041406 0.404167 0.073438 0.039815
1.0 0.769792 0.333333 0.059375 0.053704
1.0 0.677083 0.374074 0.054167 0.050000
2.0 0.005990 0.347685 0.011979 0.021296
