0.0 0.117188 0.380093 0.022917 0.045370
0.0 0.132812 0.375000 0.017708 0.053704
1.0 0.410938 0.462037 0.060417 0.122222
1.0 0.792188 0.397685 0.067708 0.075000
1.0 0.204688 0.198611 0.037500 0.065741
1.0 0.582292 0.377778 0.116667 0.092593
1.0 0.879167 0.346296 0.079167 0.079630
1.0 0.396615 0.248611 0.047396 0.084259
1.0 0.589323 0.480556 0.080729 0.087037
1.0 0.793490 0.318519 0.078646 0.068519
2.0 0.449219 0.330093 0.022396 0.041667
3.0 0.301042 0.342593 0.067708 0.135185
3.0 0.915885 0.237963 0.092188 0.096296
