0.0 0.313802 0.117130 0.007812 0.026852
0.0 0.836719 0.362963 0.013021 0.037037
0.0 0.133854 0.569907 0.017708 0.043519
1.0 0.726302 0.513426 0.061979 0.062037
1.0 0.840625 0.631481 0.095833 0.079630
1.0 0.280990 0.188426 0.047396 0.041667
1.0 0.697917 0.601389 0.084375 0.069444
1.0 0.213802 0.896759 0.108854 0.184259
2.0 0.562500 0.703704 0.029167 0.057407
2.0 0.871354 0.511574 0.039583 0.025000
3.0 0.454427 0.919907 0.114062 0.158333
3.0 0.878906 0.454630 0.142187 0.120370
3.0 0.560417 0.537500 0.088542 0.132407
3.0 0.882292 0.573148 0.120833 0.109259
