0.0 0.101562 0.343056 0.014583 0.021296
0.0 0.403906 0.306019 0.013021 0.049074
0.0 0.841146 0.603704 0.023958 0.059259
0.0 0.704688 0.451389 0.008333 0.032407
0.0 0.218490 0.362037 0.013021 0.053704
0.0 0.201042 0.384722 0.014583 0.050926
1.0 0.378646 0.213426 0.043750 0.073148
1.0 0.515365 0.535648 0.088021 0.136111
1.0 0.179688 0.071759 0.029167 0.047222
2.0 0.212240 0.255556 0.015104 0.042593
2.0 0.332292 0.249537 0.013542 0.041667
2.0 0.532292 0.767593 0.026042 0.098148
3.0 0.259896 0.191667 0.053125 0.101852
3.0 0.282813 0.616667 0.121875 0.320370
