0.0 0.766146 0.262500 0.011458 0.026852
0.0 0.845573 0.229167 0.009896 0.034259
0.0 0.434115 0.192593 0.004687 0.007407
0.0 0.609375 0.327315 0.013542 0.028704
1.0 0.894271 0.556019 0.086458 0.089815
1.0 0.485417 0.761111 0.071875 0.161111
1.0 0.227344 0.055093 0.021354 0.028704
1.0 0.636979 0.438426 0.069792 0.067593
1.0 0.292448 0.121759 0.022396 0.037963
1.0 0.258854 0.230093 0.025000 0.043519
1.0 0.878646 0.085648 0.039583 0.037963
1.0 0.855990 0.095370 0.045312 0.033333
1.0 0.822135 0.348611 0.067187 0.050926
1.0 0.313021 0.077315 0.025000 0.049074
1.0 0.252604 0.312500 0.032292 0.060185
