0.0 0.128646 0.379167 0.017708 0.049074
0.0 0.350000 0.313889 0.009375 0.048148
0.0 0.705990 0.405556 0.006771 0.031481
0.0 0.216406 0.342593 0.006771 0.012963
0.0 0.295312 0.333796 0.014583 0.049074
1.0 0.487760 0.358796 0.080729 0.082407
1.0 0.305990 0.718056 0.072396 0.186111
1.0 0.751562 0.343519 0.087500 0.070370
2.0 0.214844 0.115278 0.011979 0.034259
2.0 0.426302 0.509722 0.022396 0.065741
2.0 0.734375 0.430556 0.035417 0.053704
3.0 0.221875 0.054630 0.040625 0.075926
3.0 0.253385 0.458796 0.102604 0.252778
