0.0 0.146094 0.374074 0.024479 0.038889
0.0 0.969792 0.807870 0.033333 0.069444
0.0 0.181250 0.368519 0.018750 0.055556
1.0 0.562760 0.887963 0.106771 0.224074
1.0 0.897656 0.338889 0.068229 0.075926
1.0 0.159375 0.048611 0.032292 0.050926
1.0 0.304167 0.039815 0.030208 0.053704
1.0 0.767969 0.323611 0.113021 0.108333
1.0 0.476562 0.336574 0.084375 0.093519
1.0 0.778646 0.407407 0.079167 0.085185
1.0 0.927865 0.243056 0.076563 0.065741
2.0 0.604688 0.375000 0.034375 0.042593
3.0 0.236198 0.142593 0.054688 0.103704
