0.0 0.802970 0.434174 0.010513 0.028260
0.0 0.762351 0.619589 0.013380 0.032396
0.0 0.208738 0.550317 0.012903 0.031707
0.0 0.676812 0.687139 0.014336 0.031018
0.0 0.539903 0.686104 0.009080 0.030328
1.0 0.861748 0.623381 0.072637 0.064792
1.0 0.316498 0.576165 0.066902 0.082024
1.0 0.202765 0.730563 0.074548 0.093052
1.0 0.300728 0.695065 0.074548 0.100634
1.0 0.718626 0.573063 0.079804 0.048249
1.0 0.483513 0.647160 0.058778 0.101323
3.0 0.884208 0.507582 0.149096 0.154397
3.0 0.564752 0.433485 0.075981 0.065481
