0.0 0.925521 0.206481 0.017708 0.038889
0.0 0.140885 0.150926 0.013021 0.042593
0.0 0.401302 0.287500 0.014063 0.047222
0.0 0.162240 0.159259 0.013021 0.042593
0.0 0.920052 0.252778 0.014063 0.027778
0.0 0.938542 0.105093 0.013542 0.025000
1.0 0.715365 0.109722 0.032813 0.056481
1.0 0.653385 0.135185 0.051562 0.090741
1.0 0.120573 0.347222 0.078646 0.079630
1.0 0.730990 0.229167 0.041146 0.063889
1.0 0.665885 0.456481 0.064062 0.116667
1.0 0.694271 0.161111 0.035417 0.072222
2.0 0.676302 0.087500 0.009896 0.017593
3.0 0.083594 0.238426 0.092188 0.097222
