0.0 0.071615 0.217130 0.017188 0.039815
0.0 0.867969 0.144907 0.013021 0.041667
0.0 0.851823 0.152778 0.011979 0.042593
0.0 0.082292 0.257870 0.010417 0.015741
0.0 0.062240 0.093981 0.014063 0.025000
1.0 0.284115 0.109259 0.032813 0.055556
1.0 0.346615 0.134259 0.051562 0.090741
1.0 0.879167 0.346296 0.079167 0.079630
1.0 0.258333 0.190278 0.038542 0.058333
1.0 0.313542 0.388426 0.052083 0.104630
1.0 0.305208 0.160648 0.035417 0.071296
2.0 0.323438 0.087037 0.010417 0.018519
3.0 0.915885 0.237963 0.092188 0.096296
