0.0 0.073958 0.237963 0.017708 0.040741
0.0 0.889323 0.136574 0.011979 0.041667
0.0 0.644531 0.349537 0.008854 0.049074
0.0 0.878125 0.141204 0.012500 0.041667
1.0 0.284635 0.109722 0.032813 0.056481
1.0 0.522656 0.888426 0.054688 0.180556
1.0 0.346615 0.135185 0.051562 0.090741
1.0 0.879427 0.347222 0.078646 0.079630
1.0 0.240625 0.125926 0.034375 0.050000
1.0 0.284375 0.282870 0.044792 0.082407
1.0 0.305729 0.161111 0.035417 0.072222
2.0 0.323698 0.087500 0.009896 0.017593
2.0 0.348177 0.945833 0.029687 0.106481
3.0 0.916406 0.238426 0.092188 0.097222
