0.0 0.613021 0.306019 0.016667 0.043519
0.0 0.884375 0.706019 0.028125 0.065741
0.0 0.730469 0.212037 0.008854 0.037037
0.0 0.648698 0.244444 0.011979 0.046296
1.0 0.779167 0.407407 0.087500 0.081481
1.0 0.475260 0.458796 0.092188 0.093519
1.0 0.725781 0.355556 0.063021 0.066667
1.0 0.870052 0.275926 0.070312 0.066667
1.0 0.204167 0.197685 0.033333 0.056481
1.0 0.520052 0.752315 0.105729 0.241667
1.0 0.188021 0.116204 0.031250 0.052778
1.0 0.521354 0.369444 0.083333 0.085185
1.0 0.897396 0.335185 0.063542 0.068519
1.0 0.255990 0.177778 0.048438 0.085185
1.0 0.361198 0.324537 0.050521 0.095370
2.0 0.934635 0.237500 0.023438 0.037963
