0.0 0.668490 0.384722 0.021354 0.047222
0.0 0.765365 0.454167 0.017188 0.049074
0.0 0.769531 0.489815 0.016146 0.055556
0.0 0.748437 0.504167 0.014583 0.050926
0.0 0.939844 0.701389 0.027604 0.065741
0.0 0.503646 0.256481 0.006250 0.046296
0.0 0.821615 0.166204 0.011979 0.043519
1.0 0.348958 0.146296 0.040625 0.064815
1.0 0.926562 0.318981 0.078125 0.069444
1.0 0.834896 0.374537 0.078125 0.076852
1.0 0.899479 0.258796 0.056250 0.058333
1.0 0.821354 0.302778 0.073958 0.074074
1.0 0.709375 0.449537 0.092708 0.084259
3.0 0.269792 0.057870 0.051042 0.089815
