0.0 0.437168 0.258121 0.007549 0.053751
0.0 0.332597 0.192484 0.007993 0.050649
0.0 0.164306 0.634376 0.030195 0.039279
0.0 0.585256 0.016908 0.007104 0.033816
0.0 0.191614 0.682959 0.024422 0.068222
0.0 0.155869 0.089116 0.010657 0.044448
0.0 0.319054 0.205404 0.010213 0.049616
1.0 0.627217 0.107723 0.035079 0.077525
1.0 0.708699 0.138733 0.040852 0.094064
1.0 0.763759 0.082398 0.026642 0.057886
1.0 0.660520 0.777023 0.080371 0.279090
1.0 0.529751 0.724306 0.061277 0.212936
2.0 0.663184 0.145451 0.010213 0.041347
