0.0 0.815104 0.234722 0.012500 0.034259
0.0 0.238802 0.197222 0.009896 0.037037
0.0 0.440104 0.311111 0.006250 0.042593
0.0 0.254167 0.204630 0.008333 0.037037
0.0 0.815885 0.279630 0.009896 0.031481
0.0 0.827083 0.162500 0.010417 0.021296
1.0 0.660156 0.158333 0.024479 0.050000
1.0 0.614062 0.180556 0.038542 0.079630
1.0 0.216927 0.366204 0.058854 0.069444
1.0 0.663281 0.299074 0.032813 0.061111
1.0 0.598958 0.531944 0.060417 0.080556
1.0 0.644531 0.203704 0.026563 0.062963
2.0 0.631250 0.138889 0.007292 0.014815
3.0 0.189583 0.270833 0.068750 0.084259
