0 0.820833 0.423611 0.013542 0.041667
0 0.395052 0.353704 0.008854 0.040741
0 0.214583 0.699074 0.017708 0.055556
0 0.633594 0.064352 0.005729 0.017593
0 0.404948 0.333796 0.015104 0.032407
1 0.645833 0.328704 0.037500 0.070370
1 0.222135 0.433796 0.054688 0.056481
1 0.747396 0.089815 0.019792 0.031481
1 0.718750 0.052778 0.018750 0.035185
1 0.677865 0.109722 0.022396 0.036111
1 0.683333 0.199537 0.023958 0.045370
1 0.712240 0.104167 0.021354 0.036111
1 0.077083 0.296759 0.057292 0.054630
1 0.727604 0.443981 0.035417 0.073148
1 0.400260 0.538426 0.081771 0.087963
1 0.610417 0.442593 0.042708 0.090741
1 0.743750 0.346759 0.021875 0.043519
1 0.123438 0.087037 0.042708 0.035185
1 0.696094 0.157870 0.024479 0.043519
1 0.603385 0.305556 0.032813 0.061111
1 0.643750 0.202315 0.030208 0.049074
1 0.667188 0.255093 0.034375 0.060185
1 0.541146 0.395370 0.072917 0.096296
2 0.101562 0.548148 0.034375 0.042593