0.0 0.233854 0.332407 0.013542 0.027778
0.0 0.772135 0.219907 0.007812 0.030556
0.0 0.765104 0.224537 0.008333 0.030556
0.0 0.253385 0.386574 0.009896 0.036111
1.0 0.367188 0.231944 0.022917 0.045370
1.0 0.375781 0.670370 0.046354 0.131481
1.0 0.410417 0.255556 0.035417 0.072222
1.0 0.745313 0.386574 0.051042 0.058333
1.0 0.381510 0.183333 0.021354 0.042593
1.0 0.334375 0.232870 0.022917 0.041667
1.0 0.382552 0.276852 0.024479 0.057407
1.0 0.473698 0.671759 0.041146 0.130556
2.0 0.393490 0.216667 0.006771 0.016667
2.0 0.346354 0.509259 0.012500 0.048148
3.0 0.769271 0.306481 0.059375 0.072222
