0.0 0.679688 0.480556 0.017708 0.038889
0.0 0.731510 0.473611 0.015104 0.041667
0.0 0.288542 0.530093 0.016667 0.041667
0.0 0.750260 0.346296 0.013021 0.044444
0.0 0.399219 0.064815 0.006771 0.040741
1.0 0.524740 0.137500 0.028646 0.080556
1.0 0.519010 0.250926 0.030729 0.087037
1.0 0.572917 0.883796 0.047917 0.162037
1.0 0.482031 0.074074 0.028646 0.077778
1.0 0.447917 0.432870 0.046875 0.102778
3.0 0.416667 0.138889 0.077083 0.224074
3.0 0.572135 0.432870 0.047396 0.149074
3.0 0.510417 0.393519 0.041667 0.174074
