0.0 0.822917 0.792130 0.020833 0.043519
0.0 0.734115 0.510648 0.016146 0.041667
0.0 0.250260 0.280093 0.011979 0.043519
0.0 0.702344 0.526389 0.018229 0.047222
0.0 0.150260 0.601852 0.020313 0.050000
0.0 0.272135 0.476852 0.014063 0.042593
0.0 0.588542 0.470370 0.010417 0.044444
1.0 0.471615 0.074074 0.025521 0.064815
1.0 0.427083 0.168519 0.027083 0.064815
1.0 0.530729 0.219907 0.031250 0.078704
1.0 0.372656 0.271296 0.032813 0.094444
3.0 0.583073 0.138889 0.076563 0.224074
3.0 0.478646 0.188889 0.034375 0.135185
