0.0 0.898438 0.346296 0.013542 0.029630
0.0 0.588542 0.303241 0.012500 0.049074
0.0 0.163021 0.593056 0.020833 0.052778
0.0 0.291146 0.457870 0.010417 0.034259
0.0 0.780990 0.362037 0.011979 0.053704
0.0 0.803385 0.388889 0.019271 0.050000
1.0 0.624740 0.205556 0.043229 0.072222
1.0 0.496094 0.562037 0.086979 0.146296
1.0 0.818490 0.080556 0.030729 0.048148
2.0 0.784115 0.268056 0.015104 0.043519
2.0 0.670313 0.240278 0.013542 0.039815
3.0 0.736719 0.203704 0.054688 0.105556
3.0 0.709896 0.650463 0.126042 0.336111
