0.0 0.438002 0.386150 0.018756 0.017443
0.0 0.866519 0.320621 0.013025 0.020272
0.0 0.477337 0.383086 0.008857 0.023571
1.0 0.279099 0.294221 0.031260 0.027814
1.0 0.351516 0.321800 0.033343 0.030171
1.0 0.870167 0.385914 0.070334 0.033943
1.0 0.302022 0.321800 0.043764 0.045257
1.0 0.224655 0.401000 0.052620 0.050914
1.0 0.310618 0.625636 0.074502 0.103243
1.0 0.328072 0.293986 0.037512 0.032057
1.0 0.564864 0.559872 0.065124 0.062228
1.0 0.479161 0.725343 0.093779 0.057514
2.0 0.934770 0.366350 0.023445 0.019329
