0.0 0.519531 0.270370 0.016146 0.035185
0.0 0.170052 0.163889 0.014063 0.040741
0.0 0.479687 0.255556 0.013542 0.046296
1.0 0.702865 0.144907 0.034896 0.062037
1.0 0.621615 0.210185 0.036979 0.066667
1.0 0.129948 0.275926 0.070312 0.066667
1.0 0.692969 0.723148 0.060937 0.144444
1.0 0.675521 0.211111 0.048958 0.100000
1.0 0.797656 0.190278 0.044271 0.076852
1.0 0.739323 0.487500 0.054688 0.130556
1.0 0.650521 0.143519 0.040625 0.070370
1.0 0.300260 0.456019 0.071354 0.080556
1.0 0.605208 0.675463 0.097917 0.223148
1.0 0.724479 0.085648 0.031250 0.052778
2.0 0.065365 0.237500 0.023438 0.037963
