0.0 0.635156 0.318056 0.008854 0.043519
0.0 0.842187 0.246296 0.015625 0.038889
0.0 0.978385 0.533333 0.043229 0.031481
0.0 0.369792 0.140741 0.012500 0.031481
0.0 0.937760 0.575463 0.030729 0.054630
0.0 0.863021 0.258796 0.019792 0.039815
1.0 0.316667 0.243519 0.066667 0.068519
1.0 0.107552 0.149537 0.060938 0.060185
1.0 0.026042 0.115741 0.040625 0.037037
1.0 0.148438 0.485185 0.103125 0.137037
1.0 0.595313 0.469444 0.140625 0.092593
1.0 0.208333 0.707870 0.059375 0.054630
2.0 0.249740 0.275926 0.020312 0.035185
