0.0 0.926823 0.214352 0.016146 0.039815
0.0 0.134115 0.146759 0.013021 0.041667
0.0 0.388542 0.301389 0.011458 0.050926
0.0 0.152865 0.157870 0.011979 0.037963
0.0 0.917969 0.255556 0.011979 0.020370
0.0 0.937240 0.096759 0.014062 0.025000
1.0 0.715365 0.109259 0.032813 0.055556
1.0 0.652865 0.134259 0.051562 0.090741
1.0 0.120312 0.346296 0.079167 0.079630
1.0 0.737240 0.201852 0.039062 0.059259
1.0 0.680208 0.407870 0.054167 0.108333
1.0 0.694271 0.160648 0.035417 0.071296
2.0 0.676042 0.087037 0.010417 0.018519
3.0 0.083594 0.237963 0.092188 0.096296
