0.0 0.457812 0.610648 0.010417 0.041667
0.0 0.599740 0.735185 0.016146 0.044444
0.0 0.428646 0.625463 0.009375 0.043519
0.0 0.345573 0.297685 0.007812 0.036111
0.0 0.215365 0.544907 0.013021 0.041667
0.0 0.136198 0.625000 0.019271 0.042593
0.0 0.410677 0.600463 0.020313 0.037963
0.0 0.643490 0.199537 0.006771 0.030556
1.0 0.597135 0.435648 0.068229 0.063889
1.0 0.237760 0.168981 0.041146 0.037963
1.0 0.335156 0.663889 0.074479 0.118519
1.0 0.393750 0.328241 0.044792 0.049074
1.0 0.339583 0.535648 0.065625 0.097222
1.0 0.287240 0.190278 0.036979 0.041667
2.0 0.635156 0.623148 0.035937 0.040741
3.0 0.172396 0.149074 0.096875 0.112963
3.0 0.478646 0.361574 0.070833 0.084259
