0.0 0.370573 0.356019 0.019271 0.026852
0.0 0.330990 0.327315 0.010938 0.032407
1.0 0.179688 0.444907 0.110417 0.056481
1.0 0.582031 0.451389 0.103646 0.065741
1.0 0.263542 0.412963 0.081250 0.046296
1.0 0.042188 0.345833 0.084375 0.045370
1.0 0.859896 0.310648 0.042708 0.039815
1.0 0.512500 0.614815 0.118750 0.148148
1.0 0.881771 0.250926 0.040625 0.038889
1.0 0.507292 0.400926 0.100000 0.062963
1.0 0.023177 0.386574 0.046354 0.047222
1.0 0.793229 0.295833 0.062500 0.062037
1.0 0.685156 0.357407 0.058854 0.061111
