0.0 0.418490 0.710185 0.014063 0.044444
0.0 0.261458 0.730556 0.017708 0.042593
0.0 0.521094 0.657407 0.009896 0.040741
0.0 0.642969 0.283333 0.007812 0.033333
0.0 0.735156 0.542130 0.010937 0.039815
0.0 0.780208 0.542593 0.014583 0.042593
0.0 0.477865 0.708333 0.022396 0.042593
0.0 0.261198 0.246759 0.008854 0.032407
1.0 0.518229 0.375000 0.060417 0.057407
1.0 0.483854 0.440278 0.066667 0.060185
1.0 0.702604 0.277315 0.041667 0.045370
1.0 0.618490 0.425926 0.034896 0.075926
1.0 0.682552 0.201389 0.026562 0.041667
3.0 0.741667 0.190278 0.108333 0.123148
3.0 0.599479 0.321296 0.067708 0.079630
