0.0 0.537847 0.228849 0.012923 0.048081
0.0 0.700128 0.118710 0.007385 0.053671
0.0 0.554463 0.205368 0.008492 0.054789
1.0 0.584002 0.526276 0.063140 0.139769
1.0 0.388489 0.222698 0.031755 0.100633
1.0 0.507200 0.337309 0.046155 0.090570
1.0 0.762345 0.229408 0.049847 0.080507
1.0 0.315380 0.353523 0.030277 0.098397
1.0 0.424306 0.379799 0.047263 0.173314
1.0 0.297656 0.200895 0.028062 0.092807
1.0 0.432060 0.218227 0.041355 0.107343
1.0 0.770468 0.312709 0.045416 0.083861
1.0 0.361166 0.318301 0.045786 0.148714
1.0 0.365597 0.117592 0.027324 0.082744
2.0 0.808131 0.183004 0.016616 0.045844
