0.0 0.791146 0.648611 0.014583 0.043519
0.0 0.215365 0.538426 0.013021 0.041667
0.0 0.754167 0.732870 0.017708 0.041667
0.0 0.605208 0.756019 0.014583 0.041667
1.0 0.777344 0.607407 0.070312 0.070370
1.0 0.160417 0.134259 0.022917 0.025926
1.0 0.365885 0.479630 0.049479 0.087037
1.0 0.264062 0.662500 0.065625 0.100926
1.0 0.282813 0.761574 0.081250 0.134259
1.0 0.621094 0.631944 0.078646 0.097222
1.0 0.397396 0.910185 0.084375 0.175926
3.0 0.918750 0.509722 0.162500 0.206481
3.0 0.474740 0.360185 0.074479 0.081481
