0.0 0.368490 0.326852 0.018229 0.044444
0.0 0.140365 0.655556 0.023438 0.057407
0.0 0.288542 0.215741 0.013542 0.044444
0.0 0.330990 0.233796 0.007812 0.047222
1.0 0.188542 0.387500 0.085417 0.078704
1.0 0.434115 0.485185 0.098438 0.077778
1.0 0.228646 0.330556 0.061458 0.064815
1.0 0.129688 0.275463 0.069792 0.067593
1.0 0.805469 0.147222 0.030729 0.051852
1.0 0.410937 0.903704 0.119792 0.190741
1.0 0.819271 0.078241 0.029167 0.047222
1.0 0.416667 0.383333 0.082292 0.074074
1.0 0.102344 0.334722 0.064062 0.069444
1.0 0.756771 0.130556 0.044792 0.075926
1.0 0.613021 0.376389 0.072917 0.099074
2.0 0.065365 0.237037 0.023438 0.038889
