0.0 0.492098 0.233759 0.020667 0.036329
0.0 0.874138 0.126328 0.016413 0.045671
0.0 0.535560 0.225974 0.013981 0.051899
1.0 0.523403 0.907254 0.071119 0.185493
1.0 0.271140 0.122695 0.043158 0.073697
1.0 0.369918 0.201581 0.044982 0.077848
1.0 0.931885 0.248809 0.082061 0.074735
1.0 0.255032 0.652583 0.065649 0.141165
1.0 0.305789 0.204176 0.060178 0.118330
1.0 0.146225 0.121657 0.049844 0.079924
1.0 0.207619 0.422671 0.059571 0.129748
1.0 0.334662 0.122695 0.049844 0.082000
1.0 0.784479 0.420076 0.081454 0.087190
1.0 0.350770 0.603798 0.103945 0.215900
1.0 0.245002 0.053150 0.038296 0.061241
