0.0 0.637500 0.352315 0.020833 0.045370
0.0 0.784896 0.477315 0.017708 0.054630
0.0 0.782812 0.509722 0.013542 0.058333
0.0 0.766667 0.540741 0.020833 0.059259
0.0 0.603385 0.255093 0.010937 0.045370
0.0 0.755469 0.196759 0.013021 0.043519
1.0 0.811458 0.387963 0.085417 0.077778
1.0 0.704167 0.454167 0.087500 0.086111
1.0 0.786458 0.321759 0.060417 0.063889
1.0 0.870052 0.275926 0.070312 0.066667
1.0 0.793490 0.907407 0.103646 0.183333
1.0 0.696354 0.371296 0.080208 0.083333
1.0 0.897396 0.335185 0.063542 0.068519
1.0 0.556250 0.487963 0.109375 0.077778
2.0 0.934635 0.237500 0.023438 0.037963
