0.0 0.457031 0.295370 0.015104 0.038889
0.0 0.308333 0.264815 0.014583 0.040741
0.0 0.013021 0.670833 0.026042 0.034259
0.0 0.621875 0.099074 0.009375 0.031481
0.0 0.025521 0.696296 0.030208 0.059259
0.0 0.029167 0.159259 0.013542 0.035185
0.0 0.286458 0.273611 0.010417 0.041667
1.0 0.671354 0.179630 0.045833 0.061111
1.0 0.755729 0.267130 0.061458 0.087963
1.0 0.837240 0.212037 0.039062 0.053704
1.0 0.669531 0.866667 0.110938 0.157407
1.0 0.533073 0.863426 0.091146 0.163889
2.0 0.715625 0.215741 0.013542 0.033333
