0.0 0.077865 0.175463 0.014063 0.037963
0.0 0.834115 0.160648 0.011979 0.043519
0.0 0.545573 0.273148 0.013021 0.044444
0.0 0.813542 0.169907 0.010417 0.043519
0.0 0.071615 0.236574 0.016146 0.045370
0.0 0.060417 0.128704 0.014583 0.025926
1.0 0.277344 0.088426 0.031771 0.054630
1.0 0.346615 0.134259 0.051562 0.090741
1.0 0.879167 0.346296 0.079167 0.079630
1.0 0.441667 0.606481 0.107292 0.122222
1.0 0.305208 0.160648 0.035417 0.071296
2.0 0.323438 0.087037 0.010417 0.018519
3.0 0.915885 0.237963 0.092188 0.096296
