0.0 0.136458 0.256019 0.026042 0.043519
0.0 0.158073 0.205093 0.025521 0.052778
0.0 0.073958 0.055093 0.027083 0.058333
0.0 0.430990 0.061111 0.014063 0.059259
1.0 0.376563 0.231481 0.056250 0.174074
1.0 0.535677 0.923611 0.055729 0.152778
1.0 0.446354 0.636111 0.054167 0.224074
1.0 0.273698 0.522685 0.061979 0.202778
1.0 0.299740 0.192130 0.059896 0.171296
1.0 0.537240 0.625000 0.051562 0.200000
2.0 0.459115 0.146296 0.018229 0.074074
3.0 0.660156 0.767130 0.136979 0.465741
3.0 0.552083 0.092593 0.108333 0.185185
