0.0 0.102865 0.350463 0.016146 0.036111
0.0 0.401042 0.306944 0.007292 0.049074
0.0 0.846354 0.604167 0.020833 0.052778
0.0 0.703385 0.447685 0.008854 0.034259
0.0 0.218750 0.362500 0.012500 0.052778
0.0 0.207552 0.386111 0.021354 0.050000
1.0 0.381250 0.219444 0.044792 0.074074
1.0 0.526562 0.518056 0.087500 0.132407
1.0 0.178906 0.066667 0.029687 0.046296
2.0 0.210938 0.244907 0.014583 0.041667
2.0 0.335677 0.258333 0.014063 0.040741
2.0 0.536198 0.735648 0.025521 0.095370
3.0 0.257292 0.182870 0.052083 0.100926
3.0 0.278906 0.591667 0.119271 0.309259
