0.0 0.898002 0.370315 0.015045 0.013600
0.0 0.948871 0.362301 0.015045 0.017971
0.0 0.686284 0.404072 0.017195 0.015057
1.0 0.200155 0.274386 0.026510 0.017000
1.0 0.946673 0.552214 0.106655 0.051000
1.0 0.564840 0.728285 0.116786 0.067028
1.0 0.791605 0.449000 0.090276 0.034000
1.0 0.228815 0.319315 0.033674 0.022343
1.0 0.179020 0.333401 0.031525 0.020400
1.0 0.979272 0.287744 0.041455 0.017485
1.0 0.962076 0.415486 0.075847 0.026228
1.0 0.256399 0.293087 0.037256 0.028171
1.0 0.147494 0.371286 0.040123 0.027200
