0.0 0.817708 0.783333 0.020833 0.051852
0.0 0.738281 0.512500 0.019271 0.043519
0.0 0.251302 0.287037 0.010937 0.044444
0.0 0.708594 0.530093 0.016146 0.043519
0.0 0.150000 0.611574 0.017708 0.050926
0.0 0.264583 0.477778 0.013542 0.031481
0.0 0.593490 0.469444 0.008854 0.042593
1.0 0.471354 0.068056 0.025000 0.063889
1.0 0.426823 0.181019 0.027604 0.065741
1.0 0.530729 0.219907 0.031250 0.078704
1.0 0.371875 0.286111 0.033333 0.096296
3.0 0.583073 0.138889 0.076563 0.224074
3.0 0.478646 0.188889 0.034375 0.135185
