0 0.309635 0.748611 0.013021 0.043519
0 0.204687 0.635648 0.013542 0.045370
0 0.446875 0.700000 0.011458 0.042593
0 0.662500 0.598148 0.013542 0.038889
0 0.716667 0.560185 0.014583 0.038889
0 0.351823 0.791204 0.019271 0.045370
0 0.180990 0.289352 0.010937 0.034259
1 0.533594 0.367130 0.059896 0.056481
1 0.634896 0.222685 0.007292 0.021296
1 0.285677 0.441204 0.070312 0.065741
1 0.817448 0.216667 0.038021 0.040741
1 0.616406 0.413889 0.030729 0.074074
1 0.580990 0.251389 0.040104 0.045370
3 0.688281 0.215278 0.113021 0.128704
3 0.626302 0.307407 0.067187 0.077778