0.0 0.743490 0.055556 0.007812 0.029630
0.0 0.937500 0.635185 0.023958 0.050000
0.0 0.140365 0.344907 0.014063 0.043519
0.0 0.813802 0.481019 0.016146 0.043519
1.0 0.067969 0.478241 0.095313 0.080556
1.0 0.032552 0.637037 0.065104 0.090741
1.0 0.732031 0.152315 0.050521 0.047222
1.0 0.079167 0.681944 0.108333 0.100926
1.0 0.803125 0.919444 0.115625 0.161111
2.0 0.242448 0.605093 0.044271 0.039815
2.0 0.344792 0.399074 0.032292 0.027778
3.0 0.547917 0.939815 0.120833 0.120370
3.0 0.192448 0.526389 0.114063 0.112037
