0.0 0.071615 0.232870 0.018229 0.039815
0.0 0.883594 0.138889 0.014062 0.042593
0.0 0.638542 0.342130 0.010417 0.049074
0.0 0.873437 0.143056 0.011458 0.041667
1.0 0.284115 0.109259 0.032813 0.055556
1.0 0.522656 0.922685 0.052604 0.150926
1.0 0.346615 0.134259 0.051562 0.090741
1.0 0.879167 0.346296 0.079167 0.079630
1.0 0.243490 0.134722 0.033854 0.050926
1.0 0.288542 0.296759 0.045833 0.086111
1.0 0.305208 0.160648 0.035417 0.071296
2.0 0.323438 0.087037 0.010417 0.018519
3.0 0.915885 0.237963 0.092188 0.096296
