0.0 0.790104 0.571296 0.015625 0.040741
0.0 0.780469 0.693056 0.014063 0.043519
0.0 0.116927 0.641667 0.021354 0.048148
0.0 0.608854 0.743981 0.017708 0.041667
0.0 0.491667 0.677315 0.011458 0.043519
1.0 0.154427 0.194444 0.025521 0.035185
1.0 0.179948 0.801389 0.102604 0.154630
1.0 0.778385 0.420370 0.017188 0.038889
1.0 0.234635 0.851852 0.092188 0.155556
1.0 0.844010 0.633333 0.095312 0.088889
1.0 0.572917 0.539352 0.070833 0.087963
3.0 0.866667 0.475463 0.187500 0.197222
3.0 0.724479 0.490741 0.098958 0.098148
