0 0.199479 0.248148 0.011458 0.025926
0 0.180990 0.239815 0.010937 0.035185
0 0.568490 0.189352 0.007812 0.015741
0 0.347656 0.310185 0.011979 0.027778
1 0.716146 0.089352 0.021875 0.034259
1 0.223177 0.637037 0.093229 0.103704
1 0.104427 0.139352 0.039062 0.037963
1 0.253906 0.385648 0.064062 0.063889
1 0.689063 0.182870 0.026042 0.047222
1 0.735156 0.153241 0.021354 0.036111
1 0.690625 0.058796 0.015625 0.032407
1 0.121354 0.085648 0.039583 0.037963
1 0.144010 0.095370 0.045312 0.033333
1 0.158594 0.338889 0.066146 0.050000
1 0.668490 0.128241 0.028646 0.056481
1 0.761719 0.218981 0.027604 0.047222