0 0.921615 0.159259 0.014063 0.037037
0 0.177344 0.166667 0.009896 0.042593
0 0.480990 0.264352 0.006771 0.047222
0 0.200000 0.176389 0.012500 0.043519
0 0.934896 0.222222 0.013542 0.046296
0 0.938542 0.140278 0.014583 0.026852
1 0.731771 0.063889 0.030208 0.050000
1 0.653385 0.135185 0.051562 0.090741
1 0.120573 0.347222 0.078646 0.079630
1 0.681250 0.411111 0.050000 0.096296
1 0.487240 0.655556 0.119271 0.120370
1 0.694271 0.161111 0.035417 0.072222
2 0.676302 0.087500 0.009896 0.017593
3 0.083594 0.238426 0.092188 0.097222