0.0 0.533594 0.675926 0.011979 0.042593
0.0 0.440365 0.631019 0.010938 0.037963
0.0 0.355990 0.275000 0.006771 0.018519
0.0 0.226042 0.538889 0.016667 0.042593
0.0 0.192188 0.573148 0.013542 0.044444
0.0 0.464063 0.680093 0.020833 0.039815
0.0 0.702083 0.219444 0.006250 0.014815
1.0 0.521615 0.395370 0.063021 0.059259
1.0 0.443490 0.489815 0.066146 0.077778
1.0 0.355990 0.307407 0.043229 0.048148
1.0 0.380990 0.425926 0.034896 0.075926
1.0 0.291667 0.190278 0.028125 0.041667
2.0 0.498437 0.876852 0.026042 0.081481
3.0 0.232292 0.178704 0.106250 0.120370
3.0 0.432292 0.336574 0.068750 0.080556
