0.0 0.809480 0.295113 0.010875 0.052999
0.0 0.120538 0.073420 0.009929 0.033609
0.0 0.342541 0.224663 0.007565 0.051707
0.0 0.335921 0.222077 0.011348 0.038780
1.0 0.669990 0.068251 0.026007 0.067218
1.0 0.494090 0.755947 0.050595 0.149948
1.0 0.700725 0.101214 0.026952 0.065926
1.0 0.260265 0.328076 0.057688 0.087901
1.0 0.654858 0.143224 0.026952 0.077560
1.0 0.668571 0.829629 0.030735 0.108584
1.0 0.637836 0.050800 0.021279 0.063340
1.0 0.681574 0.018613 0.024588 0.037227
1.0 0.190047 0.275077 0.060052 0.069804
1.0 0.620340 0.112201 0.032626 0.100827
2.0 0.138270 0.567218 0.031208 0.059463
