0.0 0.602865 0.291667 0.007812 0.050000
0.0 0.810417 0.173611 0.010417 0.043519
0.0 0.715365 0.393519 0.015104 0.031481
0.0 0.408594 0.078704 0.007812 0.038889
0.0 0.696094 0.419444 0.011979 0.053704
0.0 0.817187 0.169907 0.011458 0.045370
0.0 0.852344 0.172685 0.014062 0.043519
1.0 0.668490 0.382870 0.083854 0.078704
1.0 0.232292 0.342593 0.044792 0.088889
1.0 0.194792 0.143056 0.043750 0.078704
1.0 0.894010 0.265278 0.076562 0.060185
1.0 0.209635 0.237963 0.025521 0.050000
2.0 0.496615 0.706481 0.030729 0.087037
