0.0 0.361979 0.391667 0.009375 0.025926
0.0 0.113021 0.343519 0.018750 0.022222
0.0 0.068750 0.501389 0.043750 0.019444
0.0 0.614844 0.291667 0.014062 0.009259
0.0 0.113542 0.515278 0.027083 0.030556
0.0 0.088802 0.350463 0.016146 0.023148
1.0 0.658333 0.368981 0.075000 0.043519
1.0 0.913021 0.274074 0.058333 0.033333
1.0 0.755990 0.670833 0.122396 0.108333
1.0 0.883073 0.443519 0.096354 0.068519
1.0 0.295573 0.451389 0.144271 0.041667
1.0 0.833594 0.543519 0.056771 0.040741
2.0 0.726042 0.394444 0.021875 0.022222
