0.0 0.800521 0.248148 0.011458 0.025926
0.0 0.819010 0.239815 0.010937 0.035185
0.0 0.431510 0.189352 0.007812 0.015741
0.0 0.652344 0.310185 0.011979 0.027778
1.0 0.283854 0.089352 0.021875 0.034259
1.0 0.776823 0.637037 0.093229 0.103704
1.0 0.895573 0.139352 0.039062 0.037963
1.0 0.746094 0.385648 0.064062 0.063889
1.0 0.310937 0.182870 0.026042 0.047222
1.0 0.264844 0.153241 0.021354 0.036111
1.0 0.309375 0.058796 0.015625 0.032407
1.0 0.878646 0.085648 0.039583 0.037963
1.0 0.855990 0.095370 0.045312 0.033333
1.0 0.841406 0.338889 0.066146 0.050000
1.0 0.331510 0.128241 0.028646 0.056481
1.0 0.238281 0.218981 0.027604 0.047222
