0.0 0.465625 0.274537 0.013542 0.045370
0.0 0.786719 0.518519 0.018229 0.051852
0.0 0.740104 0.518519 0.011458 0.020370
0.0 0.949479 0.108796 0.012500 0.026852
0.0 0.225781 0.359259 0.014063 0.050000
0.0 0.129167 0.385648 0.018750 0.047222
1.0 0.350260 0.150000 0.039062 0.062963
1.0 0.468750 0.898148 0.071875 0.201852
1.0 0.197396 0.162037 0.035417 0.059259
2.0 0.241146 0.404630 0.017708 0.051852
2.0 0.308073 0.180556 0.011979 0.037037
3.0 0.299479 0.336574 0.066667 0.134259
3.0 0.344271 0.904630 0.126042 0.188889
