0.0 0.628789 0.584443 0.017321 0.044104
0.0 0.496369 0.675879 0.006146 0.050559
0.0 0.641640 0.626396 0.015086 0.048407
0.0 0.713996 0.328962 0.008939 0.043028
0.0 0.809541 0.560778 0.020114 0.050559
0.0 0.701704 0.581754 0.023467 0.040877
0.0 0.413955 0.114896 0.005587 0.034423
1.0 0.065023 0.473107 0.081017 0.086057
1.0 0.184035 0.544642 0.089956 0.089284
1.0 0.831890 0.090691 0.042464 0.041953
1.0 0.533245 0.971059 0.076547 0.057882
1.0 0.773781 0.884568 0.101690 0.179644
1.0 0.598058 0.931796 0.082135 0.136409
1.0 0.477930 0.377906 0.053080 0.063467
1.0 0.831331 0.828630 0.107278 0.173189
1.0 0.728244 0.140175 0.039670 0.048407
2.0 0.099385 0.671038 0.051404 0.053785
3.0 0.455022 0.776996 0.069842 0.173189
3.0 0.345510 0.438146 0.091074 0.112949
