0.0 0.364062 0.350926 0.020833 0.042593
0.0 0.215365 0.498611 0.017188 0.052778
0.0 0.204167 0.512963 0.019792 0.024074
0.0 0.362500 0.248611 0.009375 0.045370
0.0 0.272135 0.211574 0.011979 0.039815
1.0 0.188542 0.387500 0.085417 0.078704
1.0 0.295312 0.454167 0.087500 0.086111
1.0 0.213542 0.320833 0.060417 0.063889
1.0 0.129688 0.275463 0.069792 0.067593
1.0 0.121615 0.765278 0.123437 0.165741
1.0 0.303646 0.370370 0.080208 0.083333
1.0 0.102344 0.334722 0.064062 0.069444
1.0 0.443229 0.487500 0.109375 0.078704
2.0 0.065365 0.237037 0.023438 0.038889
