0.0 0.871094 0.378704 0.017187 0.050000
0.0 0.069792 0.753704 0.031250 0.061111
0.0 0.293490 0.405556 0.006771 0.031481
0.0 0.783594 0.343056 0.007812 0.012037
0.0 0.719792 0.340278 0.011458 0.050926
1.0 0.546094 0.334722 0.072396 0.086111
1.0 0.693490 0.718056 0.072396 0.186111
1.0 0.291667 0.367593 0.091667 0.074074
2.0 0.792708 0.143056 0.012500 0.036111
2.0 0.596615 0.444907 0.020313 0.058333
2.0 0.315625 0.459722 0.037500 0.056481
3.0 0.772396 0.075463 0.042708 0.080556
3.0 0.746615 0.457870 0.102604 0.252778
