0.0 0.066667 0.094444 0.011458 0.033333
0.0 0.797396 0.178704 0.011458 0.042593
0.0 0.360417 0.307407 0.007292 0.048148
0.0 0.754687 0.196759 0.013542 0.045370
0.0 0.051042 0.221759 0.016667 0.026852
1.0 0.942969 0.308796 0.073438 0.067593
1.0 0.346615 0.134259 0.051562 0.090741
1.0 0.581510 0.485185 0.092187 0.081481
1.0 0.784115 0.667130 0.108854 0.113889
1.0 0.936979 0.548611 0.103125 0.112037
1.0 0.881250 0.820370 0.081250 0.181481
1.0 0.305208 0.160648 0.035417 0.071296
2.0 0.323438 0.087037 0.010417 0.018519
3.0 0.813542 0.293519 0.096875 0.105556
