0.0 0.662240 0.878241 0.007812 0.030556
0.0 0.284896 0.526852 0.011458 0.038889
0.0 0.351562 0.552315 0.009375 0.041667
0.0 0.375521 0.079630 0.005208 0.025926
1.0 0.447135 0.470370 0.053646 0.072222
1.0 0.255469 0.175926 0.043229 0.038889
1.0 0.479687 0.917593 0.077083 0.162963
1.0 0.312240 0.337037 0.050521 0.055556
1.0 0.426042 0.845370 0.072917 0.150000
2.0 0.335938 0.212963 0.019792 0.027778
2.0 0.899219 0.667130 0.049479 0.037963
3.0 0.699740 0.418519 0.080729 0.098148
3.0 0.554167 0.709722 0.066667 0.139815
