0.0 0.760156 0.584722 0.015104 0.045370
0.0 0.915365 0.541204 0.022396 0.041667
0.0 0.267969 0.431019 0.014063 0.045370
0.0 0.893490 0.948148 0.026562 0.051852
0.0 0.825000 0.792593 0.021875 0.046296
0.0 0.255990 0.307407 0.013021 0.044444
0.0 0.767187 0.526852 0.019792 0.042593
1.0 0.608073 0.600463 0.081771 0.143519
1.0 0.427865 0.742593 0.043229 0.140741
1.0 0.518229 0.094444 0.027083 0.066667
1.0 0.495052 0.525000 0.039062 0.133333
1.0 0.338542 0.942593 0.056250 0.112963
3.0 0.583073 0.138889 0.076563 0.224074
