0.0 0.686719 0.256481 0.006771 0.055556
0.0 0.283073 0.059259 0.005729 0.037037
0.0 0.398698 0.198611 0.005729 0.054630
0.0 0.394010 0.192593 0.007812 0.044444
1.0 0.600260 0.044444 0.015104 0.070370
1.0 0.510156 0.935648 0.024479 0.128704
1.0 0.614062 0.130556 0.016667 0.075926
1.0 0.358073 0.318519 0.033854 0.092593
1.0 0.591146 0.123611 0.015625 0.082407
1.0 0.581250 0.029630 0.012500 0.059259
1.0 0.316667 0.262500 0.035417 0.073148
1.0 0.570573 0.091204 0.019271 0.106481
2.0 0.286198 0.570370 0.018229 0.062963
