0.0 0.838021 0.362500 0.011458 0.039815
0.0 0.074740 0.191667 0.010938 0.024074
0.0 0.333594 0.306019 0.006771 0.037963
0.0 0.620313 0.093056 0.007292 0.012037
0.0 0.329167 0.300000 0.015625 0.029630
1.0 0.686198 0.193056 0.028646 0.049074
1.0 0.472917 0.630556 0.058333 0.096296
1.0 0.724740 0.197685 0.028646 0.043519
1.0 0.710417 0.108333 0.019792 0.035185
1.0 0.230469 0.372685 0.063021 0.062037
1.0 0.655990 0.903704 0.058854 0.164815
1.0 0.523438 0.925000 0.053125 0.146296
1.0 0.668490 0.249537 0.029687 0.056481
1.0 0.694010 0.676852 0.031771 0.072222
1.0 0.123438 0.086574 0.042708 0.034259
1.0 0.716406 0.080093 0.018229 0.034259
1.0 0.650260 0.180556 0.023438 0.046296
1.0 0.683594 0.093056 0.023438 0.034259
1.0 0.698958 0.147685 0.027083 0.043519
1.0 0.151042 0.334259 0.065625 0.050000
1.0 0.629687 0.227778 0.036458 0.074074
2.0 0.101042 0.547685 0.034375 0.043519
