0.0 0.521875 0.366667 0.008333 0.020370
0.0 0.313281 0.298148 0.005729 0.024074
0.0 0.500000 0.357407 0.003125 0.027778
1.0 0.614323 0.274074 0.017188 0.033333
1.0 0.573698 0.307870 0.018229 0.036111
1.0 0.301823 0.368519 0.038021 0.038889
1.0 0.583854 0.736574 0.038542 0.108333
1.0 0.601302 0.308333 0.024479 0.053704
1.0 0.653385 0.349537 0.025521 0.050926
1.0 0.615885 0.558796 0.033854 0.093519
1.0 0.587760 0.273148 0.020312 0.037037
1.0 0.432812 0.509259 0.038542 0.055556
1.0 0.530208 0.702315 0.064583 0.169444
1.0 0.624740 0.243056 0.016146 0.028704
2.0 0.267188 0.346296 0.012500 0.022222
