0.0 0.111719 0.369907 0.021354 0.045370
0.0 0.944792 0.107407 0.012500 0.031481
0.0 0.133073 0.375463 0.017188 0.052778
1.0 0.386979 0.393056 0.054167 0.108333
1.0 0.792708 0.398611 0.067708 0.075000
1.0 0.212760 0.239352 0.040104 0.071296
1.0 0.522656 0.365278 0.117188 0.108333
1.0 0.879427 0.347222 0.078646 0.079630
1.0 0.383333 0.218981 0.044792 0.080556
1.0 0.544792 0.476852 0.078125 0.094444
1.0 0.766146 0.333333 0.080208 0.070370
2.0 0.419271 0.299537 0.016667 0.039815
2.0 0.215885 0.151389 0.013021 0.039815
3.0 0.319010 0.405556 0.073438 0.150000
3.0 0.916406 0.238426 0.092188 0.097222
