0.0 0.387586 0.346668 0.016576 0.045183
0.0 0.264334 0.519227 0.014875 0.061525
0.0 0.232034 0.574022 0.014875 0.061525
0.0 0.225871 0.646122 0.018701 0.067293
0.0 0.368248 0.230347 0.007650 0.047105
0.0 0.331273 0.206795 0.007650 0.048066
1.0 0.245847 0.383679 0.069701 0.080752
1.0 0.333397 0.452415 0.071401 0.089403
1.0 0.266247 0.314944 0.049301 0.066332
1.0 0.198033 0.267358 0.057375 0.069216
1.0 0.339773 0.366375 0.065451 0.086519
1.0 0.175720 0.328883 0.051851 0.071139
1.0 0.462600 0.485580 0.089251 0.080752
2.0 0.145333 0.227463 0.019126 0.039415
