0.0 0.069010 0.369907 0.026562 0.047222
0.0 0.995313 0.099537 0.009375 0.030556
0.0 0.090885 0.372222 0.019271 0.053704
1.0 0.381510 0.411111 0.061979 0.114815
1.0 0.825781 0.395833 0.075521 0.076852
1.0 0.176823 0.220370 0.043229 0.070370
1.0 0.547917 0.368981 0.131250 0.104630
1.0 0.922396 0.343519 0.087500 0.081481
1.0 0.374740 0.222685 0.050521 0.082407
1.0 0.564583 0.478241 0.087500 0.091667
1.0 0.805729 0.325000 0.088542 0.072222
2.0 0.420052 0.306019 0.020313 0.041667
2.0 0.184635 0.132870 0.014063 0.039815
3.0 0.291667 0.382407 0.079167 0.150000
3.0 0.956250 0.232870 0.087500 0.099074
