0.0 0.261198 0.395833 0.011979 0.047222
0.0 0.251042 0.320370 0.011458 0.044444
0.0 0.778125 0.596759 0.016667 0.045370
0.0 0.249740 0.243056 0.010937 0.047222
0.0 0.833073 0.724074 0.019271 0.048148
0.0 0.598698 0.051852 0.006771 0.040741
1.0 0.478646 0.212037 0.030208 0.092593
1.0 0.494010 0.521759 0.039062 0.130556
1.0 0.426823 0.425000 0.034896 0.094444
1.0 0.530208 0.205093 0.033333 0.089815
1.0 0.718490 0.736574 0.088021 0.115741
1.0 0.344792 0.854167 0.054167 0.191667
3.0 0.583073 0.138889 0.076563 0.224074
3.0 0.838802 0.932407 0.121354 0.107407
3.0 0.409375 0.161111 0.037500 0.105556
3.0 0.512760 0.833796 0.057813 0.269444
