0.0 0.525692 0.377279 0.017128 0.019338
0.0 0.156371 0.318770 0.011775 0.022313
0.0 0.484210 0.370090 0.008028 0.024792
1.0 0.710620 0.306622 0.035862 0.032725
1.0 0.627924 0.341083 0.037467 0.035205
1.0 0.119707 0.380007 0.072258 0.035701
1.0 0.692689 0.634621 0.064230 0.080822
1.0 0.682787 0.341579 0.049778 0.053055
1.0 0.804288 0.338852 0.046566 0.041651
1.0 0.742467 0.503223 0.057807 0.071897
1.0 0.657363 0.305878 0.041749 0.037188
1.0 0.308649 0.481158 0.073329 0.043634
1.0 0.600359 0.608589 0.104373 0.124952
1.0 0.732298 0.275385 0.032115 0.027767
2.0 0.053337 0.359429 0.024087 0.020329
