0.0 0.061458 0.118519 0.010417 0.040741
0.0 0.747917 0.200463 0.012500 0.043519
0.0 0.634115 0.279167 0.010937 0.049074
0.0 0.510417 0.271296 0.005208 0.027778
0.0 0.751042 0.206944 0.012500 0.043519
0.0 0.474740 0.257407 0.011979 0.044444
0.0 0.054688 0.173611 0.015625 0.043519
0.0 0.050521 0.199074 0.015625 0.044444
1.0 0.929688 0.245370 0.062500 0.057407
1.0 0.915365 0.727315 0.114063 0.152778
1.0 0.834635 0.628704 0.106771 0.127778
2.0 0.944792 0.541204 0.030208 0.049074
2.0 0.263542 0.056944 0.010417 0.030556
