0.0 0.414062 0.527315 0.011458 0.045370
0.0 0.479167 0.293056 0.008333 0.043519
0.0 0.533073 0.057870 0.008854 0.021296
0.0 0.058333 0.263426 0.019792 0.041667
1.0 0.743750 0.167130 0.021875 0.041667
1.0 0.713802 0.506019 0.066146 0.173148
1.0 0.771094 0.261111 0.036979 0.061111
1.0 0.715104 0.085648 0.030208 0.049074
1.0 0.398698 0.412500 0.065104 0.062037
1.0 0.646094 0.087037 0.027604 0.059259
1.0 0.149219 0.807407 0.146354 0.118519
1.0 0.190104 0.691667 0.117708 0.085185
1.0 0.161979 0.473611 0.090625 0.067593
2.0 0.505469 0.393519 0.033854 0.040741
2.0 0.659375 0.368519 0.013542 0.038889
3.0 0.669010 0.211111 0.040104 0.120370
