0.0 0.635417 0.142593 0.005208 0.025926
0.0 0.261198 0.370370 0.009896 0.035185
0.0 0.749479 0.552315 0.012500 0.041667
1.0 0.321615 0.519907 0.044271 0.060185
1.0 0.241667 0.636111 0.069792 0.081481
1.0 0.654167 0.210185 0.033333 0.038889
1.0 0.344792 0.591667 0.060417 0.061111
1.0 0.701302 0.868056 0.076563 0.171296
2.0 0.444531 0.666667 0.021354 0.048148
2.0 0.265104 0.497685 0.027083 0.034259
3.0 0.531771 0.890278 0.080208 0.147222
3.0 0.259635 0.441204 0.095313 0.110185
3.0 0.435937 0.513426 0.063542 0.112037
3.0 0.208333 0.582407 0.088542 0.103704
