0.0 0.442448 0.550926 0.007812 0.048148
0.0 0.493229 0.281944 0.004167 0.039815
1.0 0.655729 0.134259 0.013542 0.038889
1.0 0.652083 0.594907 0.048958 0.195370
1.0 0.672396 0.217593 0.022917 0.055556
1.0 0.632292 0.062037 0.018750 0.044444
1.0 0.393750 0.410648 0.043750 0.060185
1.0 0.597396 0.092130 0.018750 0.058333
1.0 0.309375 0.806944 0.094792 0.115741
1.0 0.332031 0.692130 0.077604 0.084259
1.0 0.239063 0.470833 0.061458 0.065741
2.0 0.467708 0.409259 0.023958 0.035185
2.0 0.587500 0.418056 0.013542 0.037963
3.0 0.617708 0.261111 0.028125 0.127778
