0.0 0.635937 0.350926 0.019792 0.040741
0.0 0.785417 0.509259 0.017708 0.055556
0.0 0.811979 0.550926 0.016667 0.055556
0.0 0.821875 0.613426 0.019792 0.058333
0.0 0.651042 0.244444 0.012500 0.044444
0.0 0.715104 0.214815 0.009375 0.044444
1.0 0.811458 0.387963 0.085417 0.077778
1.0 0.704167 0.454167 0.087500 0.086111
1.0 0.786458 0.321759 0.060417 0.063889
1.0 0.870052 0.275926 0.070312 0.066667
1.0 0.944531 0.699074 0.110937 0.151852
1.0 0.696354 0.371296 0.080208 0.083333
1.0 0.897396 0.335185 0.063542 0.068519
1.0 0.556250 0.487963 0.109375 0.077778
2.0 0.934635 0.237500 0.023438 0.037963
