0.0 0.284115 0.106019 0.007812 0.026852
0.0 0.063542 0.668981 0.015625 0.025000
0.0 0.838542 0.359722 0.012500 0.039815
0.0 0.180990 0.508333 0.007812 0.040741
1.0 0.869792 0.580556 0.071875 0.075926
1.0 0.280990 0.187963 0.047396 0.042593
1.0 0.818229 0.620833 0.093750 0.078704
1.0 0.213281 0.895833 0.108854 0.184259
2.0 0.665885 0.605556 0.038021 0.038889
2.0 0.709896 0.437037 0.033333 0.031481
3.0 0.454167 0.918981 0.113542 0.158333
3.0 0.719010 0.380556 0.119271 0.109259
3.0 0.712240 0.495833 0.099479 0.087963
