0.0 0.980076 0.353582 0.017062 0.014538
0.0 0.904070 0.367081 0.017062 0.019730
0.0 0.363500 0.301660 0.012409 0.011422
0.0 0.843965 0.375129 0.017838 0.015057
1.0 0.220796 0.325544 0.041881 0.026999
1.0 0.341397 0.550104 0.117111 0.059709
1.0 0.174649 0.249480 0.022491 0.017134
1.0 0.893213 0.430945 0.094620 0.035307
1.0 0.246002 0.356697 0.044207 0.031153
1.0 0.134707 0.248181 0.023267 0.015577
1.0 0.265002 0.310227 0.035676 0.024403
1.0 0.187059 0.283228 0.036451 0.022326
1.0 0.979568 0.409657 0.040865 0.028038
1.0 0.302618 0.344236 0.053513 0.040499
1.0 0.085847 0.272065 0.029472 0.017653
