0.0 0.400521 0.806944 0.015625 0.058333
0.0 0.226302 0.823148 0.021354 0.059259
0.0 0.519010 0.729167 0.013021 0.060185
0.0 0.659635 0.189815 0.008854 0.048148
0.0 0.808594 0.554630 0.013021 0.059259
0.0 0.464323 0.807870 0.022396 0.058333
0.0 0.226562 0.141667 0.009375 0.046296
1.0 0.520312 0.320833 0.067708 0.082407
1.0 0.466146 0.406944 0.068750 0.082407
1.0 0.734896 0.175000 0.045833 0.062963
1.0 0.632031 0.393519 0.039062 0.109259
1.0 0.697917 0.076389 0.030208 0.060185
3.0 0.764583 0.072222 0.121875 0.144444
3.0 0.610937 0.243981 0.076042 0.113889
