0.0 0.924740 0.239815 0.017188 0.040741
0.0 0.110417 0.136111 0.013542 0.042593
0.0 0.354167 0.356019 0.010417 0.052778
0.0 0.121094 0.141667 0.014062 0.042593
1.0 0.715365 0.109259 0.032813 0.055556
1.0 0.477083 0.875000 0.054167 0.177778
1.0 0.652865 0.134259 0.051562 0.090741
1.0 0.120312 0.346296 0.079167 0.079630
1.0 0.759635 0.122685 0.032812 0.049074
1.0 0.716406 0.279167 0.044271 0.082407
1.0 0.694271 0.160648 0.035417 0.071296
2.0 0.676042 0.087037 0.010417 0.018519
2.0 0.654167 0.939815 0.029167 0.100000
3.0 0.083594 0.237963 0.092188 0.096296
