0.0 0.151042 0.334722 0.012500 0.037963
0.0 0.903906 0.200463 0.010937 0.025000
0.0 0.688542 0.295370 0.010417 0.037037
0.0 0.384896 0.100926 0.007292 0.018519
0.0 0.697396 0.291204 0.014583 0.030556
1.0 0.312760 0.190741 0.028646 0.048148
1.0 0.480469 0.818519 0.046354 0.131481
1.0 0.286719 0.249074 0.031771 0.051852
1.0 0.289323 0.109259 0.019271 0.035185
1.0 0.764063 0.376852 0.063542 0.062963
1.0 0.329427 0.244444 0.029687 0.055556
1.0 0.335677 0.876852 0.039062 0.094444
1.0 0.854948 0.081019 0.014063 0.008333
1.0 0.282292 0.073611 0.017708 0.032407
1.0 0.348177 0.178241 0.023438 0.045370
1.0 0.309896 0.064352 0.019792 0.032407
1.0 0.300000 0.146759 0.027083 0.043519
1.0 0.841406 0.338889 0.066146 0.050000
1.0 0.367448 0.222222 0.035937 0.072222
2.0 0.898438 0.548148 0.034375 0.042593
