0.0 0.637760 0.352778 0.020313 0.046296
0.0 0.785937 0.461574 0.017708 0.047222
0.0 0.776563 0.504167 0.016667 0.056481
0.0 0.757812 0.524537 0.019792 0.056481
0.0 0.571615 0.255093 0.013021 0.045370
0.0 0.778385 0.185648 0.013021 0.043519
1.0 0.311719 0.061111 0.032813 0.050000
1.0 0.810937 0.387500 0.085417 0.078704
1.0 0.704167 0.454167 0.087500 0.086111
1.0 0.785937 0.320833 0.060417 0.063889
1.0 0.869792 0.275463 0.069792 0.067593
1.0 0.696094 0.370370 0.079688 0.083333
1.0 0.897135 0.334722 0.064063 0.069444
1.0 0.556250 0.487500 0.109375 0.078704
2.0 0.936719 0.235185 0.023438 0.038889
