0.0 0.353646 0.297222 0.021875 0.055556
0.0 0.193229 0.501389 0.018750 0.076852
0.0 0.177865 0.542593 0.017187 0.077778
0.0 0.171615 0.621759 0.021354 0.084259
0.0 0.350781 0.158796 0.008854 0.060185
1.0 0.163021 0.347222 0.092708 0.105556
1.0 0.278906 0.437037 0.094271 0.116667
1.0 0.190104 0.257407 0.065625 0.087037
1.0 0.099479 0.195370 0.076042 0.090741
1.0 0.079948 0.845833 0.132812 0.223148
1.0 0.287500 0.325000 0.086458 0.112963
1.0 0.070312 0.275926 0.068750 0.092593
1.0 0.438802 0.483333 0.118229 0.105556
2.0 0.029948 0.143519 0.025521 0.051852
