0.0 0.410417 0.286111 0.016667 0.040741
0.0 0.237760 0.193519 0.010937 0.044444
0.0 0.395313 0.254630 0.009375 0.046296
1.0 0.291146 0.448148 0.090625 0.087037
1.0 0.625260 0.354167 0.060937 0.097222
1.0 0.380469 0.385648 0.067188 0.062037
1.0 0.127865 0.275463 0.066146 0.067593
1.0 0.777865 0.290741 0.038021 0.068519
1.0 0.562240 0.522222 0.079688 0.174074
1.0 0.798438 0.186574 0.035417 0.065741
1.0 0.552865 0.322685 0.072396 0.093519
1.0 0.102344 0.334722 0.064062 0.069444
1.0 0.719010 0.265741 0.056771 0.103704
1.0 0.671615 0.232407 0.042188 0.077778
2.0 0.065365 0.237037 0.023438 0.038889
