0.0 0.861198 0.458796 0.028646 0.030556
0.0 0.151302 0.146759 0.007812 0.021296
0.0 0.187760 0.443981 0.011979 0.034259
0.0 0.949479 0.394444 0.013542 0.031481
0.0 0.291146 0.375463 0.010417 0.030556
1.0 0.510417 0.329167 0.067708 0.041667
1.0 0.217969 0.226852 0.050521 0.033333
1.0 0.939063 0.478704 0.089583 0.059259
1.0 0.184375 0.829167 0.119792 0.152778
1.0 0.770312 0.418519 0.082292 0.055556
1.0 0.500260 0.807407 0.067187 0.114815
2.0 0.311198 0.291204 0.023438 0.023148
2.0 0.515365 0.418981 0.013021 0.026852
3.0 0.593229 0.446296 0.077083 0.166667
3.0 0.329427 0.256481 0.080729 0.070370
