0.0 0.668750 0.384722 0.021875 0.047222
0.0 0.765365 0.453704 0.017188 0.050000
0.0 0.769271 0.489352 0.016667 0.056481
0.0 0.748437 0.503704 0.014583 0.051852
0.0 0.934896 0.697222 0.029167 0.066667
0.0 0.500260 0.257407 0.014063 0.044444
0.0 0.822917 0.166667 0.013542 0.042593
1.0 0.348958 0.146296 0.040625 0.064815
1.0 0.931510 0.315741 0.077604 0.068519
1.0 0.841146 0.370833 0.078125 0.075000
1.0 0.904167 0.256481 0.056250 0.057407
1.0 0.826563 0.300000 0.073958 0.074074
1.0 0.714583 0.444907 0.087500 0.084259
3.0 0.271354 0.061574 0.051042 0.089815
