0.0 0.924740 0.191667 0.010937 0.024074
0.0 0.665885 0.306019 0.006771 0.037963
0.0 0.379167 0.093056 0.007292 0.012037
0.0 0.670312 0.300000 0.015625 0.029630
1.0 0.313542 0.193056 0.029167 0.049074
1.0 0.526563 0.630556 0.058333 0.096296
1.0 0.274740 0.197685 0.028646 0.043519
1.0 0.289062 0.108333 0.019792 0.035185
1.0 0.769010 0.372685 0.063021 0.062037
1.0 0.343490 0.903704 0.058854 0.164815
1.0 0.476042 0.925000 0.053125 0.146296
1.0 0.330990 0.249537 0.029687 0.056481
1.0 0.305469 0.676852 0.031771 0.072222
1.0 0.876042 0.086574 0.042708 0.034259
1.0 0.283073 0.080093 0.018229 0.034259
1.0 0.349219 0.180556 0.023438 0.046296
1.0 0.316146 0.093056 0.022917 0.034259
1.0 0.300521 0.147685 0.027083 0.043519
1.0 0.848437 0.334259 0.065625 0.050000
1.0 0.369792 0.227778 0.036458 0.074074
2.0 0.898438 0.547685 0.034375 0.043519
