0.0 0.585417 0.285185 0.017708 0.040741
0.0 0.763021 0.193056 0.012500 0.043519
0.0 0.600260 0.255093 0.010937 0.045370
1.0 0.702344 0.453704 0.093229 0.088889
1.0 0.370313 0.345833 0.054167 0.097222
1.0 0.608854 0.386574 0.066667 0.062037
1.0 0.870052 0.275926 0.070312 0.066667
1.0 0.223698 0.298148 0.038021 0.070370
1.0 0.432813 0.509722 0.078125 0.171296
1.0 0.202865 0.193056 0.035937 0.065741
1.0 0.441667 0.318056 0.071875 0.091667
1.0 0.897396 0.335185 0.063542 0.068519
1.0 0.282292 0.273148 0.057292 0.105556
1.0 0.326562 0.228241 0.041667 0.076852
2.0 0.934635 0.237500 0.023438 0.037963
