0.0 0.128385 0.200000 0.007812 0.027778
0.0 0.800000 0.245370 0.011458 0.022222
0.0 0.809115 0.246296 0.010937 0.035185
0.0 0.419792 0.169907 0.008333 0.019444
0.0 0.685677 0.296759 0.011979 0.026852
1.0 0.297656 0.140278 0.025521 0.041667
1.0 0.596354 0.700463 0.102083 0.087963
1.0 0.830729 0.090278 0.007292 0.010185
1.0 0.764063 0.376852 0.063542 0.062963
1.0 0.329427 0.244444 0.029687 0.055556
1.0 0.253646 0.100926 0.017708 0.031481
1.0 0.320312 0.103241 0.020833 0.037963
1.0 0.878646 0.085648 0.039583 0.037963
1.0 0.281250 0.062037 0.018750 0.033333
1.0 0.856510 0.095370 0.044271 0.033333
1.0 0.841406 0.338889 0.066146 0.050000
1.0 0.354167 0.187963 0.033333 0.066667
1.0 0.228125 0.152778 0.023958 0.038889
