0.0 0.300825 0.454410 0.010306 0.040180
0.0 0.287383 0.393754 0.011202 0.040953
0.0 0.727405 0.565680 0.012994 0.038635
0.0 0.284246 0.314166 0.009409 0.039407
0.0 0.796634 0.760786 0.019716 0.040953
0.0 0.586257 0.133355 0.005825 0.033226
1.0 0.481629 0.259691 0.025989 0.077270
1.0 0.490366 0.430844 0.030918 0.095042
1.0 0.437044 0.525499 0.032711 0.089633
1.0 0.525989 0.253896 0.028677 0.074952
1.0 0.640475 0.654540 0.072142 0.105087
3.0 0.571470 0.198648 0.065869 0.186993
3.0 0.702536 0.873986 0.100372 0.084997
3.0 0.434579 0.270509 0.034054 0.095815
3.0 0.503809 0.645267 0.044360 0.193174
