0.0 0.320071 0.479394 0.012262 0.041213
0.0 0.265425 0.475560 0.013862 0.039296
0.0 0.710317 0.528753 0.017594 0.047922
0.0 0.243301 0.349526 0.012262 0.047922
0.0 0.603426 0.049056 0.007464 0.043130
1.0 0.473877 0.118542 0.028789 0.084342
1.0 0.479475 0.234514 0.031454 0.090093
1.0 0.425630 0.918685 0.049581 0.162631
1.0 0.517060 0.052890 0.028789 0.077633
1.0 0.551446 0.418533 0.039984 0.103511
3.0 0.585033 0.126210 0.078370 0.231942
3.0 0.425630 0.445369 0.049581 0.157184
3.0 0.488538 0.376841 0.042117 0.177310
