0.0 0.321354 0.342593 0.027083 0.046296
0.0 0.127083 0.518981 0.023958 0.058333
0.0 0.071875 0.582870 0.034375 0.063889
0.0 0.060677 0.659259 0.031771 0.070370
0.0 0.286198 0.223148 0.013021 0.048148
0.0 0.238802 0.204167 0.015104 0.049074
1.0 0.099740 0.381019 0.109896 0.082407
1.0 0.237500 0.450926 0.112500 0.090741
1.0 0.131510 0.311574 0.077604 0.067593
1.0 0.034635 0.262963 0.069271 0.070370
1.0 0.247396 0.363426 0.103125 0.087963
1.0 0.015104 0.325926 0.030208 0.072222
1.0 0.457552 0.481019 0.140104 0.084259
