0.0 0.926042 0.142593 0.014583 0.035185
0.0 0.200521 0.176389 0.012500 0.043519
0.0 0.519010 0.268056 0.014062 0.047222
0.0 0.211719 0.181944 0.009896 0.045370
0.0 0.943490 0.203704 0.015104 0.044444
0.0 0.934635 0.157870 0.016146 0.026852
1.0 0.652865 0.134259 0.051562 0.090741
1.0 0.151563 0.366204 0.080208 0.082407
1.0 0.627344 0.532407 0.079688 0.111111
1.0 0.366667 0.691667 0.126042 0.105556
1.0 0.694271 0.160648 0.035417 0.071296
2.0 0.676042 0.087037 0.010417 0.018519
3.0 0.083594 0.237963 0.092188 0.096296
