0.0 0.851042 0.324537 0.010417 0.028704
0.0 0.307292 0.293519 0.010417 0.035185
0.0 0.613542 0.102315 0.007292 0.019444
0.0 0.297135 0.288889 0.013021 0.031481
1.0 0.687240 0.190741 0.028646 0.048148
1.0 0.522396 0.847685 0.047917 0.137963
1.0 0.711719 0.256019 0.031771 0.052778
1.0 0.710417 0.108333 0.019792 0.035185
1.0 0.235417 0.376852 0.063542 0.062963
1.0 0.670313 0.243519 0.029167 0.055556
1.0 0.659115 0.906481 0.040104 0.098148
1.0 0.717188 0.070833 0.017708 0.032407
1.0 0.651563 0.178241 0.023958 0.045370
1.0 0.690365 0.059722 0.017188 0.030556
1.0 0.699740 0.145833 0.026563 0.043519
1.0 0.158594 0.338889 0.066146 0.050000
1.0 0.632292 0.221296 0.035417 0.072222
2.0 0.101042 0.547685 0.034375 0.043519
