0.0 0.252626 0.760595 0.010236 0.062136
0.0 0.693711 0.437863 0.007755 0.053260
0.0 0.407565 0.598912 0.006204 0.053261
0.0 0.263173 0.796102 0.012718 0.064673
0.0 0.232309 0.746012 0.006204 0.022826
1.0 0.545442 0.343389 0.031329 0.069746
1.0 0.396088 0.101816 0.026676 0.060868
1.0 0.329708 0.199460 0.029778 0.063405
1.0 0.456263 0.935777 0.043426 0.128446
2.0 0.455798 0.163953 0.012718 0.040580
2.0 0.737758 0.728893 0.029468 0.051992
3.0 0.723179 0.500634 0.057384 0.158513
3.0 0.532414 0.788493 0.040014 0.191484
