0.0 0.157292 0.384259 0.025000 0.037037
0.0 0.188542 0.381019 0.017708 0.050926
1.0 0.519792 0.765278 0.088542 0.199074
1.0 0.843490 0.367593 0.065104 0.072222
1.0 0.184635 0.099074 0.031771 0.051852
1.0 0.307812 0.051852 0.027083 0.048148
1.0 0.719792 0.352778 0.108333 0.103704
1.0 0.927083 0.318056 0.076042 0.076852
1.0 0.454167 0.330093 0.072917 0.091667
1.0 0.723437 0.437037 0.068750 0.085185
1.0 0.876042 0.272685 0.073958 0.062037
2.0 0.562240 0.380093 0.032813 0.039815
3.0 0.260937 0.194444 0.053125 0.103704
