0.0 0.637760 0.352778 0.020313 0.046296
0.0 0.785417 0.469444 0.016667 0.051852
0.0 0.778385 0.506019 0.016146 0.056481
0.0 0.760938 0.531019 0.020833 0.058333
0.0 0.590885 0.254630 0.008854 0.046296
0.0 0.764844 0.192593 0.013021 0.044444
1.0 0.810937 0.387500 0.085417 0.078704
1.0 0.704167 0.454167 0.087500 0.086111
1.0 0.785937 0.320833 0.060417 0.063889
1.0 0.869792 0.275463 0.069792 0.067593
1.0 0.696094 0.370370 0.079688 0.083333
1.0 0.897135 0.334722 0.064063 0.069444
1.0 0.556250 0.487500 0.109375 0.078704
2.0 0.934115 0.237037 0.023438 0.038889
