0.0 0.932813 0.102778 0.014583 0.033333
0.0 0.207292 0.180556 0.011458 0.044444
0.0 0.616927 0.303241 0.014062 0.049074
0.0 0.234635 0.193056 0.010938 0.045370
0.0 0.947135 0.211574 0.017187 0.028704
1.0 0.652865 0.134259 0.051562 0.090741
1.0 0.360938 0.481481 0.094792 0.090741
1.0 0.277865 0.691667 0.117188 0.100000
1.0 0.094010 0.574537 0.105729 0.117593
1.0 0.137240 0.909259 0.073437 0.177778
1.0 0.694271 0.160648 0.035417 0.071296
2.0 0.676042 0.087037 0.010417 0.018519
3.0 0.152344 0.275000 0.095313 0.103704
