0.0 0.913021 0.267130 0.019792 0.037963
0.0 0.084115 0.123611 0.014062 0.041667
0.0 0.301562 0.418056 0.016667 0.054630
0.0 0.094792 0.129630 0.013542 0.042593
0.0 0.884115 0.337037 0.017188 0.048148
1.0 0.384635 0.529167 0.070312 0.097222
1.0 0.677865 0.801852 0.076563 0.198148
1.0 0.120312 0.346296 0.079167 0.079630
1.0 0.687240 0.059722 0.032813 0.056481
1.0 0.540365 0.809722 0.053646 0.197222
2.0 0.669792 0.102315 0.010417 0.019444
2.0 0.727865 0.558333 0.020313 0.068519
3.0 0.083594 0.237963 0.092188 0.096296
