0.0 0.668750 0.416204 0.025000 0.023148
0.0 0.853906 0.500463 0.020312 0.032407
0.0 0.867448 0.517593 0.024479 0.033333
0.0 0.873698 0.547685 0.025521 0.036111
0.0 0.670833 0.359259 0.011458 0.025926
0.0 0.782813 0.338889 0.014583 0.022222
1.0 0.887500 0.437037 0.106250 0.042593
1.0 0.753906 0.474074 0.108854 0.048148
1.0 0.856510 0.400000 0.075521 0.035185
1.0 0.958333 0.374537 0.083333 0.037963
1.0 0.946615 0.647222 0.106771 0.092593
1.0 0.744271 0.427778 0.100000 0.046296
1.0 0.977604 0.407870 0.044792 0.037963
1.0 0.569792 0.493056 0.136458 0.043519
