0.0 0.657905 0.046723 0.006625 0.031790
0.0 0.214446 0.337763 0.011042 0.043848
0.0 0.810509 0.582762 0.015017 0.051522
1.0 0.308085 0.515895 0.052561 0.073445
1.0 0.211134 0.655659 0.081271 0.094273
1.0 0.685731 0.131130 0.040194 0.049329
1.0 0.332157 0.620034 0.071554 0.082214
1.0 0.742710 0.930324 0.092313 0.139351
2.0 0.446997 0.741164 0.024735 0.067964
2.0 0.185074 0.513702 0.033568 0.029597
3.0 0.538648 0.951700 0.096730 0.096600
3.0 0.178670 0.446287 0.120581 0.142505
3.0 0.448764 0.544396 0.075088 0.156756
3.0 0.175798 0.586599 0.102472 0.129351
