0.0 0.025000 0.450463 0.019792 0.026852
0.0 0.654948 0.405556 0.013021 0.025926
0.0 0.922135 0.626852 0.026563 0.035185
0.0 0.302083 0.220370 0.008333 0.011111
0.0 0.640365 0.393056 0.022396 0.021296
1.0 0.276302 0.389815 0.040104 0.044444
1.0 0.910937 0.456944 0.081250 0.036111
1.0 0.133854 0.237037 0.029167 0.020370
1.0 0.176042 0.213426 0.028125 0.023148
1.0 0.236458 0.249537 0.033333 0.023148
1.0 0.228646 0.307407 0.035417 0.029630
1.0 0.185677 0.245833 0.031771 0.023148
1.0 0.163021 0.463889 0.052083 0.046296
1.0 0.647396 0.524074 0.120833 0.055556
1.0 0.139063 0.401852 0.032292 0.027778
1.0 0.209635 0.280556 0.035937 0.027778
1.0 0.286979 0.309259 0.044792 0.031481
1.0 0.252344 0.342593 0.050521 0.038889
1.0 0.475000 0.432407 0.035417 0.061111
