0.0 0.851980 0.543459 0.016227 0.043459
0.0 0.536318 0.654175 0.007727 0.045528
0.0 0.865889 0.541389 0.016227 0.045528
0.0 0.937366 0.453954 0.020092 0.046563
0.0 0.948571 0.578639 0.034774 0.031042
0.0 0.492273 0.088695 0.007727 0.032077
1.0 0.347772 0.317888 0.083455 0.064153
1.0 0.529364 0.937804 0.114364 0.124393
1.0 0.924251 0.920213 0.151498 0.159574
1.0 0.608956 0.886988 0.108183 0.167626
1.0 0.027067 0.567257 0.054134 0.078639
1.0 0.963274 0.876124 0.073452 0.181078
2.0 0.107839 0.400148 0.047137 0.040354
3.0 0.419250 0.735401 0.099682 0.156244
