0.0 0.820312 0.423611 0.013542 0.041667
0.0 0.390365 0.350926 0.009896 0.038889
0.0 0.208333 0.706944 0.017708 0.050926
0.0 0.400521 0.331019 0.014583 0.032407
1.0 0.649740 0.313889 0.035938 0.068519
1.0 0.238542 0.443056 0.055208 0.058333
1.0 0.746615 0.094907 0.021354 0.032407
1.0 0.680208 0.102778 0.021875 0.035185
1.0 0.685937 0.191667 0.023958 0.044444
1.0 0.713542 0.098611 0.020833 0.034259
1.0 0.085938 0.300926 0.057292 0.055556
1.0 0.724219 0.465278 0.036979 0.076852
1.0 0.417708 0.554630 0.081250 0.094444
1.0 0.615885 0.421296 0.041146 0.087037
1.0 0.740885 0.362500 0.022396 0.043519
1.0 0.123438 0.086574 0.042708 0.034259
1.0 0.697917 0.150463 0.023958 0.043519
1.0 0.646615 0.193056 0.029688 0.049074
1.0 0.669531 0.244444 0.033854 0.059259
1.0 0.555990 0.381019 0.068229 0.095370
2.0 0.101042 0.547685 0.034375 0.043519
