0.0 0.364583 0.331944 0.019792 0.043519
0.0 0.145833 0.652778 0.023958 0.066667
0.0 0.291667 0.217593 0.011458 0.046296
0.0 0.329427 0.234722 0.010937 0.045370
1.0 0.188542 0.387963 0.085417 0.077778
1.0 0.416406 0.486574 0.099479 0.075000
1.0 0.222135 0.326389 0.060937 0.063889
1.0 0.129948 0.275926 0.070312 0.066667
1.0 0.806771 0.141204 0.030208 0.050926
1.0 0.401562 0.921296 0.114583 0.155556
1.0 0.820312 0.072222 0.029167 0.046296
1.0 0.407552 0.385185 0.082812 0.074074
1.0 0.102604 0.335185 0.063542 0.068519
1.0 0.759115 0.124537 0.044271 0.075000
1.0 0.607031 0.385185 0.074479 0.100000
2.0 0.065365 0.237500 0.023438 0.037963
