0.0 0.075260 0.148148 0.015104 0.037037
0.0 0.811198 0.171759 0.011979 0.043519
0.0 0.497917 0.256944 0.007292 0.047222
0.0 0.793490 0.178704 0.009896 0.044444
0.0 0.060677 0.212037 0.016146 0.044444
0.0 0.063802 0.149537 0.015104 0.026852
1.0 0.346615 0.135185 0.051562 0.090741
1.0 0.873177 0.351389 0.078646 0.080556
1.0 0.337500 0.469444 0.059375 0.105556
1.0 0.566927 0.679167 0.123438 0.115741
1.0 0.305729 0.161111 0.035417 0.072222
2.0 0.323698 0.087500 0.009896 0.017593
3.0 0.916406 0.238426 0.092188 0.097222
