0.0 0.732292 0.434259 0.011458 0.048148
0.0 0.746615 0.362500 0.013021 0.047222
0.0 0.235417 0.590741 0.015625 0.022222
0.0 0.750260 0.271296 0.011979 0.046296
0.0 0.155990 0.795833 0.020312 0.045370
0.0 0.399740 0.060185 0.006771 0.042593
1.0 0.521094 0.211574 0.029687 0.093519
1.0 0.510417 0.430093 0.036458 0.115741
1.0 0.572917 0.514815 0.036458 0.105556
1.0 0.469792 0.205093 0.033333 0.089815
1.0 0.329688 0.692593 0.085417 0.122222
3.0 0.416667 0.138889 0.077083 0.224074
3.0 0.251563 0.943056 0.116667 0.110185
3.0 0.577865 0.216204 0.039062 0.113889
3.0 0.494010 0.693519 0.052604 0.237037
