0.0 0.379688 0.317130 0.017708 0.043519
0.0 0.126042 0.680093 0.022917 0.060185
0.0 0.278906 0.212500 0.013021 0.043519
0.0 0.340365 0.238426 0.008854 0.045370
1.0 0.201562 0.395370 0.086458 0.079630
1.0 0.482292 0.476389 0.097917 0.082407
1.0 0.249740 0.342130 0.061979 0.065741
1.0 0.129688 0.275463 0.069792 0.067593
1.0 0.799740 0.174074 0.031771 0.055556
1.0 0.449219 0.837963 0.117188 0.268519
1.0 0.815365 0.098148 0.030729 0.050000
1.0 0.454167 0.376852 0.083333 0.081481
1.0 0.102344 0.334722 0.064062 0.069444
1.0 0.749740 0.155556 0.046354 0.081481
1.0 0.627865 0.350463 0.056771 0.099074
2.0 0.065365 0.237037 0.023438 0.038889
