0.0 0.403235 0.435677 0.014566 0.058254
0.0 0.450056 0.305211 0.012486 0.059468
1.0 0.865907 0.216008 0.035376 0.063109
1.0 0.746596 0.270622 0.068672 0.167483
1.0 0.915157 0.382883 0.063123 0.105587
1.0 0.828796 0.075832 0.048556 0.078886
1.0 0.564164 0.404123 0.086707 0.087383
1.0 0.054388 0.901109 0.108776 0.154133
1.0 0.072770 0.750617 0.145539 0.110441
1.0 0.247854 0.475121 0.117229 0.088596
2.0 0.601968 0.288220 0.031908 0.064323
2.0 0.725786 0.155933 0.015954 0.042477
3.0 0.706711 0.037006 0.045782 0.074012
