0.0 0.446094 0.274074 0.016146 0.033333
0.0 0.858594 0.148611 0.015104 0.041667
0.0 0.485938 0.267593 0.011458 0.048148
1.0 0.279167 0.094907 0.031250 0.054630
1.0 0.351042 0.149537 0.033333 0.058333
1.0 0.869792 0.275463 0.069792 0.067593
1.0 0.301562 0.149537 0.043750 0.089815
1.0 0.219010 0.278704 0.050521 0.094444
1.0 0.297656 0.642593 0.069271 0.105556
1.0 0.327865 0.094444 0.038021 0.062963
1.0 0.587240 0.568981 0.068229 0.110185
1.0 0.468490 0.900926 0.117188 0.194444
2.0 0.934115 0.237037 0.023438 0.038889
