0.0 0.444892 0.495955 0.007588 0.026581
0.0 0.476692 0.385009 0.006143 0.026581
0.0 0.523127 0.234769 0.007228 0.013868
0.0 0.205307 0.352938 0.012648 0.026003
1.0 0.678875 0.324912 0.016623 0.027736
1.0 0.637861 0.443949 0.040112 0.092455
1.0 0.700557 0.392232 0.028909 0.043338
1.0 0.662072 0.267128 0.022766 0.033515
1.0 0.479763 0.447416 0.044087 0.038138
1.0 0.601363 0.242281 0.019152 0.036982
1.0 0.244877 0.690978 0.102628 0.073387
1.0 0.274328 0.619325 0.082030 0.052584
1.0 0.313536 0.485843 0.062155 0.042183
2.0 0.539027 0.412745 0.019514 0.028892
2.0 0.621057 0.376919 0.008673 0.021958
3.0 0.611842 0.289375 0.025657 0.068764
