0.0 0.219291 0.202857 0.009715 0.035364
0.0 0.725018 0.182587 0.008675 0.039677
0.0 0.535566 0.292560 0.007286 0.043989
0.0 0.710966 0.190781 0.008328 0.040540
0.0 0.215127 0.259784 0.009022 0.043989
0.0 0.207146 0.150673 0.009715 0.024151
1.0 0.352879 0.122640 0.021513 0.050890
1.0 0.397814 0.160161 0.034351 0.084529
1.0 0.752777 0.357681 0.052395 0.074178
1.0 0.362942 0.332237 0.031229 0.073316
1.0 0.446218 0.581078 0.067315 0.115580
1.0 0.370575 0.184312 0.023595 0.067278
2.0 0.382546 0.115740 0.006593 0.016389
3.0 0.777413 0.256334 0.061416 0.090566
