0.0 0.651302 0.345370 0.016146 0.046296
0.0 0.807552 0.555556 0.019271 0.059259
0.0 0.878646 0.619907 0.029167 0.062037
0.0 0.877344 0.704167 0.027604 0.067593
0.0 0.692448 0.234259 0.010937 0.044444
0.0 0.685156 0.229167 0.008854 0.047222
1.0 0.811458 0.387963 0.085417 0.077778
1.0 0.704167 0.454167 0.087500 0.086111
1.0 0.786458 0.321759 0.060417 0.063889
1.0 0.870052 0.275926 0.070312 0.066667
1.0 0.178385 0.063426 0.026562 0.043519
1.0 0.694010 0.372685 0.080729 0.082407
1.0 0.897396 0.335185 0.063542 0.068519
1.0 0.220573 0.050463 0.038021 0.063889
1.0 0.477083 0.460648 0.103125 0.095370
2.0 0.934635 0.237500 0.023438 0.037963
