0.0 0.808594 0.372685 0.010938 0.056481
0.0 0.764063 0.733796 0.013542 0.063889
0.0 0.197656 0.603704 0.016146 0.061111
0.0 0.672135 0.863889 0.014062 0.059259
0.0 0.532292 0.851852 0.010417 0.055556
1.0 0.880729 0.760185 0.075000 0.103704
1.0 0.303385 0.672222 0.073437 0.162963
1.0 0.185156 0.941667 0.077604 0.116667
1.0 0.296615 0.878241 0.075521 0.195370
1.0 0.736719 0.644444 0.081771 0.098148
1.0 0.490104 0.756019 0.058333 0.189815
3.0 0.891146 0.514352 0.152083 0.299074
3.0 0.576562 0.379167 0.078125 0.128704
