0.0 0.158715 0.321457 0.019845 0.065640
0.0 0.174868 0.323427 0.015230 0.074831
1.0 0.407698 0.384473 0.049843 0.160163
1.0 0.759367 0.356247 0.059996 0.106338
1.0 0.242479 0.107469 0.034152 0.097149
1.0 0.542921 0.320801 0.104300 0.145723
1.0 0.836209 0.283385 0.069688 0.112902
1.0 0.401238 0.118628 0.040612 0.116840
1.0 0.554689 0.471119 0.069688 0.128656
1.0 0.745522 0.255161 0.070150 0.098460
2.0 0.438851 0.234155 0.017999 0.056451
3.0 0.333395 0.330648 0.062765 0.204798
3.0 0.868975 0.129130 0.081687 0.137845
