0.0 0.787760 0.643056 0.018229 0.041667
0.0 0.850781 0.543056 0.018229 0.041667
0.0 0.265885 0.379630 0.013021 0.044444
0.0 0.805990 0.663889 0.017188 0.044444
0.0 0.102083 0.820370 0.008333 0.025926
0.0 0.257292 0.346759 0.012500 0.037963
0.0 0.697917 0.493056 0.016667 0.045370
1.0 0.741667 0.749074 0.110417 0.118519
1.0 0.427344 0.477778 0.035938 0.100000
1.0 0.528906 0.206944 0.030729 0.076852
1.0 0.509896 0.809259 0.047917 0.183333
1.0 0.354167 0.656019 0.045833 0.162037
3.0 0.582812 0.138889 0.077083 0.224074
