0 0.163021 0.318981 0.023958 0.045370
0 0.179427 0.277315 0.022396 0.050926
0 0.113542 0.124537 0.025000 0.045370
0 0.439063 0.091667 0.012500 0.055556
1 0.383854 0.395833 0.053125 0.171296
1 0.532031 0.911574 0.049479 0.175000
1 0.452604 0.627315 0.047917 0.208333
1 0.286719 0.694444 0.058854 0.203704
1 0.312240 0.356481 0.056771 0.168519
1 0.533333 0.617130 0.045833 0.186111
2 0.465885 0.096759 0.015104 0.067593
3 0.642448 0.765741 0.121354 0.466667
3 0.557813 0.067130 0.104167 0.134259
3 0.330990 0.064815 0.053646 0.129630
