0.0 0.198177 0.429630 0.015104 0.025926
0.0 0.189844 0.387963 0.015104 0.025926
0.0 0.843490 0.552778 0.021354 0.024074
0.0 0.190365 0.345833 0.013021 0.025000
0.0 0.898177 0.602778 0.025521 0.024074
1.0 0.473438 0.339815 0.037500 0.051852
1.0 0.408594 0.417130 0.040104 0.047222
1.0 0.537240 0.336111 0.041146 0.050000
1.0 0.870052 0.654167 0.114063 0.054630
1.0 0.314583 0.624074 0.061458 0.090741
3.0 0.602865 0.299074 0.095313 0.124074
3.0 0.973437 0.733333 0.053125 0.059259
3.0 0.373958 0.286574 0.044792 0.054630
3.0 0.520052 0.730556 0.069271 0.090741
