0.0 0.584896 0.518519 0.010417 0.044444
0.0 0.522917 0.295833 0.008333 0.041667
0.0 0.466667 0.061574 0.009375 0.021296
0.0 0.939583 0.264352 0.017708 0.043519
1.0 0.252865 0.180093 0.022396 0.041667
1.0 0.290365 0.478704 0.064062 0.164815
1.0 0.224219 0.277778 0.039062 0.062963
1.0 0.279167 0.095370 0.031250 0.050000
1.0 0.582292 0.413426 0.064583 0.062037
1.0 0.353385 0.086574 0.027604 0.058333
1.0 0.867188 0.806019 0.147917 0.117593
1.0 0.824740 0.691204 0.118229 0.084259
1.0 0.819792 0.474074 0.090625 0.068519
2.0 0.479167 0.385185 0.032292 0.044444
2.0 0.334115 0.350926 0.013021 0.037037
3.0 0.332813 0.197222 0.038542 0.118519
