0.0 0.101945 0.339710 0.024060 0.058075
0.0 0.958473 0.013631 0.012297 0.027262
0.0 0.123331 0.343776 0.017644 0.066207
1.0 0.387454 0.378622 0.056140 0.138220
1.0 0.800480 0.372814 0.069506 0.094083
1.0 0.203797 0.164902 0.040634 0.087113
1.0 0.533684 0.335065 0.120833 0.137059
1.0 0.889501 0.308349 0.080734 0.099891
1.0 0.382375 0.153868 0.045981 0.102213
1.0 0.552932 0.473285 0.080199 0.118474
1.0 0.777757 0.288603 0.081803 0.088275
2.0 0.421672 0.254920 0.018713 0.051107
2.0 0.209144 0.055719 0.012832 0.047622
3.0 0.310997 0.368748 0.074318 0.185843
3.0 0.927462 0.171872 0.094636 0.121959
