0.0 0.625000 0.326852 0.011458 0.051852
0.0 0.818750 0.169907 0.011458 0.043519
0.0 0.715365 0.394444 0.015104 0.031481
0.0 0.393229 0.055556 0.008333 0.037037
0.0 0.671875 0.395833 0.011458 0.054630
0.0 0.826823 0.168056 0.011979 0.043519
0.0 0.872396 0.156019 0.013542 0.043519
1.0 0.785677 0.325463 0.075521 0.075000
1.0 0.277344 0.088889 0.019271 0.037037
1.0 0.208073 0.215278 0.036979 0.065741
1.0 0.179948 0.068056 0.038021 0.065741
1.0 0.912500 0.254630 0.076042 0.059259
1.0 0.191667 0.139352 0.021875 0.041667
