0.0 0.869271 0.231019 0.009375 0.034259
0.0 0.180208 0.240278 0.011458 0.025000
0.0 0.223438 0.260648 0.010417 0.036111
0.0 0.590885 0.147685 0.007812 0.019444
0.0 0.272396 0.278704 0.012500 0.025926
1.0 0.689063 0.183796 0.028125 0.047222
1.0 0.591667 0.606019 0.083333 0.106481
1.0 0.130990 0.120833 0.033854 0.030556
1.0 0.235417 0.376852 0.063542 0.062963
1.0 0.670313 0.243519 0.029167 0.055556
1.0 0.745313 0.055093 0.015625 0.026852
1.0 0.659115 0.156019 0.023438 0.043519
1.0 0.114063 0.087500 0.033333 0.039815
1.0 0.711719 0.107407 0.024479 0.038889
1.0 0.140365 0.095370 0.045313 0.031481
1.0 0.158594 0.338889 0.066146 0.050000
1.0 0.632292 0.221296 0.035417 0.072222
1.0 0.778646 0.098148 0.019792 0.031481
2.0 0.075260 0.531019 0.033854 0.041667
