0.0 0.646864 0.377830 0.023038 0.023505
0.0 0.831164 0.325081 0.012959 0.026238
0.0 0.690780 0.351866 0.017278 0.027331
1.0 0.859962 0.452170 0.122388 0.048649
1.0 0.414329 0.460370 0.116628 0.057395
1.0 0.768891 0.424566 0.088550 0.040450
1.0 0.981456 0.367718 0.037089 0.039357
1.0 0.097562 0.336013 0.047515 0.034984
1.0 0.489921 0.604405 0.133906 0.129003
1.0 0.073806 0.284631 0.044636 0.032798
1.0 0.495680 0.416367 0.112308 0.053569
1.0 0.171355 0.323441 0.069833 0.053569
1.0 0.294821 0.380016 0.066233 0.053022
