0.0 0.833073 0.841667 0.023438 0.050000
0.0 0.715104 0.503241 0.018750 0.043519
0.0 0.244792 0.265741 0.011458 0.046296
0.0 0.685677 0.505556 0.013021 0.048148
0.0 0.151302 0.575926 0.018229 0.051852
0.0 0.291146 0.478241 0.015625 0.041667
0.0 0.568490 0.467593 0.013021 0.042593
1.0 0.472396 0.091667 0.026042 0.066667
1.0 0.427083 0.132407 0.026042 0.061111
1.0 0.530729 0.219907 0.031250 0.078704
1.0 0.374479 0.227778 0.031250 0.087037
3.0 0.583073 0.138889 0.076563 0.224074
3.0 0.478646 0.188889 0.034375 0.135185
