0.0 0.252604 0.334259 0.009375 0.029630
0.0 0.765104 0.200000 0.008333 0.031481
0.0 0.756510 0.206019 0.007812 0.032407
0.0 0.270833 0.395370 0.008333 0.040741
1.0 0.380208 0.241204 0.022917 0.050926
1.0 0.365625 0.575000 0.038542 0.111111
1.0 0.424479 0.269907 0.036458 0.082407
1.0 0.733854 0.380093 0.048958 0.062037
1.0 0.394010 0.183796 0.021354 0.047222
1.0 0.329688 0.191667 0.020833 0.040741
1.0 0.396615 0.294444 0.024479 0.064815
1.0 0.494271 0.568981 0.050000 0.112037
2.0 0.406510 0.224074 0.006771 0.020370
2.0 0.342448 0.437500 0.010937 0.045370
3.0 0.488542 0.831944 0.069792 0.113889
3.0 0.756510 0.295370 0.056771 0.075926
