0.0 0.758854 0.287500 0.010417 0.050926
0.0 0.564323 0.225463 0.004687 0.069444
0.0 0.272917 0.647685 0.011458 0.075000
0.0 0.366927 0.425463 0.005729 0.049074
0.0 0.683333 0.304167 0.008333 0.075000
0.0 0.690365 0.337963 0.014062 0.070370
1.0 0.577083 0.101389 0.029167 0.104630
1.0 0.482292 0.525463 0.057292 0.187963
2.0 0.688281 0.137037 0.009896 0.059259
2.0 0.607031 0.156481 0.008854 0.057407
2.0 0.476042 0.834259 0.016667 0.135185
3.0 0.658073 0.060648 0.033854 0.121296
3.0 0.644010 0.629630 0.077604 0.438889
