0.0 0.469531 0.271759 0.015104 0.036111
0.0 0.838802 0.159722 0.010937 0.041667
0.0 0.510417 0.256481 0.006250 0.046296
1.0 0.291406 0.128704 0.033854 0.059259
1.0 0.370313 0.191667 0.035417 0.064815
1.0 0.870052 0.275926 0.070312 0.066667
1.0 0.322396 0.802778 0.065625 0.161111
1.0 0.317969 0.192593 0.047396 0.096296
1.0 0.207031 0.213889 0.046354 0.081481
1.0 0.270312 0.537963 0.058333 0.142593
1.0 0.343229 0.129630 0.039583 0.068519
1.0 0.664323 0.480093 0.071354 0.084259
1.0 0.415885 0.750463 0.107813 0.250926
1.0 0.271094 0.072685 0.030729 0.050926
2.0 0.934635 0.237500 0.023438 0.037963
