0.0 0.751696 0.269088 0.009111 0.056186
0.0 0.200661 0.051881 0.007972 0.035630
0.0 0.368457 0.207421 0.007213 0.047963
0.0 0.362193 0.197142 0.009871 0.046593
1.0 0.636478 0.042289 0.020880 0.071260
1.0 0.505315 0.851506 0.037204 0.174041
1.0 0.658876 0.098475 0.022398 0.074001
1.0 0.307526 0.317738 0.046315 0.093187
1.0 0.624329 0.121770 0.021639 0.082224
1.0 0.629074 0.934416 0.026574 0.126076
1.0 0.610663 0.028681 0.017084 0.057363
1.0 0.251152 0.261552 0.048213 0.074001
1.0 0.596616 0.088881 0.026194 0.106890
2.0 0.209582 0.571260 0.025056 0.063039
