0.0 0.473958 0.267593 0.017708 0.038889
0.0 0.200260 0.175926 0.013021 0.044444
0.0 0.445312 0.256019 0.008333 0.045370
1.0 0.445312 0.643056 0.077083 0.156481
1.0 0.676562 0.215741 0.040625 0.074074
1.0 0.565365 0.312037 0.054688 0.077778
1.0 0.129688 0.275463 0.069792 0.067593
1.0 0.740365 0.478704 0.047396 0.098148
1.0 0.636719 0.317130 0.058854 0.123148
1.0 0.813542 0.106019 0.038542 0.063889
1.0 0.771615 0.323148 0.044271 0.092593
1.0 0.618229 0.215741 0.046875 0.081481
1.0 0.164583 0.372222 0.065625 0.072222
1.0 0.669792 0.443519 0.072917 0.148148
1.0 0.703646 0.143519 0.035417 0.061111
2.0 0.065365 0.237037 0.023438 0.038889
