0.0 0.373177 0.520370 0.017188 0.025926
0.0 0.476042 0.365741 0.012500 0.025926
0.0 0.548177 0.217130 0.014062 0.013889
1.0 0.851562 0.281019 0.031250 0.025000
1.0 0.819792 0.512963 0.100000 0.096296
1.0 0.890104 0.337963 0.053125 0.037037
1.0 0.806250 0.231481 0.042708 0.029630
1.0 0.323177 0.443519 0.095313 0.038889
1.0 0.713542 0.238426 0.040625 0.037963
1.0 0.062760 0.694444 0.125521 0.074074
1.0 0.080208 0.621759 0.160417 0.052778
1.0 0.022656 0.482407 0.045312 0.042593
2.0 0.483333 0.437037 0.051042 0.024074
2.0 0.721354 0.426852 0.020833 0.024074
3.0 0.750521 0.326389 0.059375 0.078704
