0.0 0.742708 0.371296 0.012500 0.048148
0.0 0.749740 0.293519 0.011979 0.046296
0.0 0.223698 0.595370 0.018229 0.042593
0.0 0.749479 0.220833 0.010417 0.045370
0.0 0.182552 0.684722 0.022396 0.047222
1.0 0.521354 0.212037 0.030208 0.092593
1.0 0.500521 0.627315 0.042708 0.149074
1.0 0.573438 0.345833 0.032292 0.084259
1.0 0.469792 0.205093 0.033333 0.089815
1.0 0.194792 0.781944 0.091667 0.097222
1.0 0.648438 0.714815 0.048958 0.162963
3.0 0.416927 0.138889 0.076563 0.224074
3.0 0.069271 0.920833 0.127083 0.106481
3.0 0.601823 0.112037 0.035937 0.098148
3.0 0.483594 0.923148 0.054688 0.151852
