0.0 0.854167 0.318056 0.010417 0.030556
0.0 0.106771 0.203241 0.010417 0.025000
0.0 0.299219 0.290741 0.010937 0.035185
0.0 0.611198 0.106481 0.006771 0.018519
0.0 0.288542 0.285185 0.013542 0.031481
1.0 0.687240 0.190741 0.028646 0.048148
1.0 0.523438 0.930093 0.044792 0.137963
1.0 0.707292 0.275000 0.033333 0.055556
1.0 0.710417 0.108333 0.019792 0.035185
1.0 0.235417 0.376852 0.063542 0.062963
1.0 0.670313 0.243519 0.029167 0.055556
1.0 0.718490 0.066204 0.017188 0.032407
1.0 0.651563 0.178241 0.023958 0.045370
1.0 0.690365 0.050926 0.017188 0.031481
1.0 0.699740 0.145833 0.026563 0.043519
1.0 0.158594 0.338889 0.066146 0.050000
1.0 0.632292 0.221296 0.035417 0.072222
2.0 0.101042 0.547685 0.034375 0.043519
