0.0 0.461636 0.249904 0.011751 0.038159
0.0 0.740375 0.108613 0.009332 0.046410
0.0 0.488422 0.243200 0.005875 0.053629
1.0 0.353459 0.049827 0.020737 0.060848
1.0 0.401499 0.110160 0.022119 0.066004
1.0 0.745559 0.250420 0.046658 0.074256
1.0 0.368666 0.110160 0.029032 0.099007
1.0 0.315269 0.265890 0.034216 0.107257
1.0 0.369530 0.732563 0.047349 0.213484
1.0 0.385947 0.049311 0.024884 0.070130
1.0 0.551151 0.599007 0.044239 0.129947
1.0 0.482028 0.938217 0.071197 0.123566
2.0 0.788415 0.207620 0.015553 0.042284
