0.0 0.444792 0.268981 0.020833 0.036111
0.0 0.909375 0.147685 0.013542 0.041667
0.0 0.493229 0.256481 0.007292 0.048148
1.0 0.246615 0.096759 0.036979 0.056481
1.0 0.333073 0.155093 0.039062 0.062037
1.0 0.929427 0.271759 0.081771 0.067593
1.0 0.328646 0.937500 0.083333 0.125000
1.0 0.274479 0.155093 0.052083 0.091667
1.0 0.169792 0.256019 0.057292 0.091667
1.0 0.256250 0.642130 0.077083 0.175000
1.0 0.303646 0.095370 0.043750 0.064815
1.0 0.621875 0.541204 0.080208 0.104630
1.0 0.453906 0.877778 0.150521 0.244444
1.0 0.225260 0.043981 0.033854 0.049074
2.0 0.995573 0.232407 0.008854 0.038889
