0.0 0.335677 0.299856 0.012401 0.051778
0.0 0.795703 0.420839 0.011626 0.032860
0.0 0.081056 0.349145 0.019378 0.048791
0.0 0.091906 0.372048 0.030230 0.054766
1.0 0.332577 0.213724 0.068209 0.082647
1.0 0.279482 0.939689 0.118590 0.120622
1.0 0.572086 0.485064 0.139519 0.125464
1.0 0.020181 0.023469 0.040362 0.046937
2.0 0.064002 0.205260 0.020929 0.043813
2.0 0.265917 0.261022 0.021702 0.045805
2.0 0.570922 0.690685 0.044180 0.094596
3.0 0.131824 0.141035 0.075961 0.104553
3.0 0.162441 0.566715 0.171298 0.318638
