0.0 0.071354 0.228704 0.016667 0.040741
0.0 0.879427 0.141204 0.013021 0.041667
0.0 0.630729 0.331481 0.012500 0.051852
0.0 0.864844 0.147222 0.013021 0.042593
0.0 0.063281 0.085185 0.011979 0.020370
1.0 0.284635 0.109722 0.032813 0.056481
1.0 0.346615 0.135185 0.051562 0.090741
1.0 0.879427 0.347222 0.078646 0.079630
1.0 0.247917 0.150463 0.035417 0.052778
1.0 0.295052 0.321759 0.047396 0.089815
1.0 0.305729 0.161111 0.035417 0.072222
2.0 0.323698 0.087500 0.009896 0.017593
3.0 0.916406 0.238426 0.092188 0.097222
