0.0 0.653385 0.574537 0.015104 0.015741
0.0 0.497917 0.649537 0.005208 0.043519
0.0 0.665885 0.593519 0.013021 0.040741
0.0 0.722135 0.381019 0.008854 0.037963
0.0 0.826823 0.585648 0.018229 0.043519
0.0 0.715885 0.556019 0.021354 0.034259
0.0 0.440365 0.161111 0.005729 0.022222
1.0 0.190885 0.431481 0.068229 0.068519
1.0 0.098438 0.593056 0.094792 0.084259
1.0 0.851562 0.131481 0.038542 0.035185
1.0 0.519792 0.917593 0.077083 0.162963
1.0 0.786198 0.888426 0.102604 0.169444
1.0 0.573438 0.845370 0.072917 0.150000
1.0 0.401562 0.435648 0.053125 0.056481
1.0 0.841146 0.835648 0.107292 0.162037
1.0 0.741667 0.174074 0.035417 0.035185
3.0 0.445312 0.709722 0.066667 0.139815
3.0 0.263281 0.493519 0.094271 0.105556
