0.0 0.104427 0.310648 0.015104 0.043519
0.0 0.943229 0.109259 0.012500 0.033333
0.0 0.924740 0.116667 0.013021 0.040741
0.0 0.132552 0.375463 0.018229 0.052778
1.0 0.325260 0.222222 0.041146 0.075926
1.0 0.729687 0.436574 0.067708 0.078704
1.0 0.253646 0.448611 0.052083 0.110185
1.0 0.409115 0.272685 0.078646 0.119444
1.0 0.879427 0.347222 0.078646 0.079630
1.0 0.346615 0.136574 0.038021 0.067593
1.0 0.187760 0.068519 0.030729 0.048148
1.0 0.364323 0.323148 0.048438 0.096296
1.0 0.569792 0.456019 0.087500 0.100926
2.0 0.370833 0.200000 0.011458 0.035185
2.0 0.225000 0.314815 0.016667 0.050000
3.0 0.417188 0.760185 0.110417 0.262963
3.0 0.916406 0.238426 0.092188 0.097222
