0.0 0.799219 0.649537 0.015104 0.043519
0.0 0.215365 0.537963 0.013021 0.042593
0.0 0.769010 0.723611 0.016146 0.043519
0.0 0.620573 0.767130 0.018229 0.041667
1.0 0.742188 0.599537 0.070833 0.065741
1.0 0.179167 0.142130 0.021875 0.028704
1.0 0.373958 0.429630 0.043750 0.029630
1.0 0.174740 0.173611 0.045313 0.041667
1.0 0.284896 0.629167 0.062500 0.093519
1.0 0.282813 0.761574 0.081250 0.134259
1.0 0.585417 0.668519 0.072917 0.116667
1.0 0.129167 0.118519 0.006250 0.016667
3.0 0.918750 0.509722 0.162500 0.206481
3.0 0.445312 0.343981 0.072917 0.080556
