0.0 0.149328 0.586852 0.019232 0.025611
0.0 0.850031 0.523383 0.015386 0.024497
0.0 0.203179 0.644476 0.020515 0.025054
0.0 0.387810 0.655054 0.016669 0.023940
1.0 0.122082 0.571820 0.089111 0.044540
1.0 0.936256 0.278136 0.027567 0.016146
1.0 0.674695 0.500000 0.067314 0.054561
1.0 0.931448 0.295395 0.039748 0.023940
1.0 0.812207 0.616082 0.084623 0.062913
1.0 0.767331 0.657560 0.100009 0.081285
1.0 0.313766 0.569037 0.100650 0.051221
1.0 0.595521 0.711843 0.096162 0.102998
3.0 0.042289 0.506124 0.084579 0.124711
3.0 0.501924 0.423725 0.093598 0.050107
