0.0 0.863542 0.292130 0.010417 0.036111
0.0 0.129167 0.214352 0.009375 0.025000
0.0 0.269271 0.281944 0.008333 0.036111
0.0 0.604688 0.119907 0.007292 0.019444
0.0 0.257292 0.270833 0.012500 0.026852
1.0 0.687240 0.190741 0.028646 0.048148
1.0 0.689844 0.352315 0.038021 0.069444
1.0 0.712760 0.099537 0.019271 0.034259
1.0 0.086719 0.121759 0.053646 0.056481
1.0 0.235417 0.376852 0.063542 0.062963
1.0 0.670313 0.243519 0.029167 0.055556
1.0 0.651563 0.178241 0.023958 0.045370
1.0 0.699740 0.145833 0.026563 0.043519
1.0 0.158594 0.338889 0.066146 0.050000
1.0 0.632292 0.221296 0.035417 0.072222
2.0 0.101042 0.547685 0.034375 0.043519
