0.0 0.657292 0.560185 0.017708 0.037037
0.0 0.497135 0.637963 0.007813 0.038889
0.0 0.670833 0.591667 0.014583 0.037037
0.0 0.737760 0.379630 0.008854 0.035185
0.0 0.846875 0.565741 0.019792 0.040741
0.0 0.728385 0.557407 0.022396 0.031481
0.0 0.424479 0.189352 0.006250 0.026852
1.0 0.115625 0.452778 0.079167 0.064815
1.0 0.097396 0.567130 0.101042 0.075000
1.0 0.875000 0.166667 0.045833 0.031481
1.0 0.521615 0.883333 0.085938 0.150000
1.0 0.819271 0.856944 0.114583 0.154630
1.0 0.581771 0.818056 0.081250 0.137963
1.0 0.424479 0.425926 0.057292 0.051852
1.0 0.880208 0.808796 0.119792 0.149074
1.0 0.752604 0.209259 0.040625 0.037037
2.0 0.054167 0.653241 0.055208 0.034259
3.0 0.439063 0.693056 0.075000 0.128704
3.0 0.276823 0.477315 0.100521 0.093519
