0.0 0.450781 0.272685 0.016146 0.039815
0.0 0.215365 0.181944 0.015104 0.041667
0.0 0.426563 0.256019 0.007292 0.047222
1.0 0.392969 0.538889 0.091146 0.114815
1.0 0.660417 0.258796 0.043750 0.082407
1.0 0.503646 0.357870 0.063542 0.076852
1.0 0.129688 0.275463 0.069792 0.067593
1.0 0.757292 0.393056 0.042708 0.084259
1.0 0.611458 0.384259 0.065625 0.138889
1.0 0.819792 0.072685 0.036458 0.060185
1.0 0.783594 0.262500 0.040104 0.080556
1.0 0.599740 0.257407 0.050521 0.088889
1.0 0.124740 0.348148 0.064062 0.068519
1.0 0.692448 0.362037 0.066146 0.127778
1.0 0.691667 0.175926 0.038542 0.068519
2.0 0.065365 0.237037 0.023438 0.038889
