0.0 0.138021 0.311111 0.020833 0.068519
0.0 0.154948 0.313426 0.016146 0.078704
1.0 0.401823 0.377778 0.052604 0.168519
1.0 0.774479 0.347685 0.063542 0.112037
1.0 0.226823 0.085648 0.035937 0.102778
1.0 0.545312 0.310185 0.110417 0.153704
1.0 0.856250 0.270833 0.073958 0.119444
1.0 0.395052 0.097222 0.043229 0.124074
1.0 0.557813 0.468981 0.073958 0.136111
1.0 0.760156 0.241204 0.074479 0.104630
2.0 0.434896 0.218981 0.018750 0.060185
3.0 0.323177 0.320833 0.066146 0.215741
3.0 0.890625 0.107870 0.086458 0.145370
