0.0 0.838542 0.863889 0.022917 0.044444
0.0 0.706510 0.496296 0.016146 0.042593
0.0 0.244010 0.256019 0.010937 0.047222
0.0 0.676562 0.493519 0.011458 0.044444
0.0 0.152344 0.556019 0.017188 0.047222
0.0 0.301823 0.479167 0.019271 0.041667
0.0 0.559115 0.468056 0.015104 0.041667
1.0 0.472135 0.096759 0.025521 0.065741
1.0 0.426823 0.117130 0.025521 0.060185
1.0 0.530208 0.218981 0.031250 0.078704
1.0 0.374740 0.208333 0.030729 0.085185
3.0 0.582812 0.138889 0.077083 0.224074
3.0 0.478646 0.188889 0.034375 0.135185
