0.0 0.209896 0.570370 0.015625 0.040741
0.0 0.221615 0.705556 0.014063 0.042593
0.0 0.896615 0.659722 0.020312 0.049074
0.0 0.407292 0.733333 0.014583 0.040741
0.0 0.518490 0.664352 0.009896 0.043519
1.0 0.836458 0.204630 0.037500 0.042593
1.0 0.849219 0.849537 0.108854 0.167593
1.0 0.251563 0.404630 0.014583 0.033333
1.0 0.793490 0.904630 0.098437 0.168519
1.0 0.155990 0.632407 0.095312 0.088889
1.0 0.411719 0.528704 0.071354 0.083333
3.0 0.167187 0.458333 0.181250 0.192593
3.0 0.242969 0.506481 0.102604 0.100000
