0.0 0.350000 0.347222 0.016667 0.046296
0.0 0.194792 0.554167 0.020833 0.062037
0.0 0.125000 0.612500 0.021875 0.056481
0.0 0.122656 0.695370 0.021354 0.062963
0.0 0.310417 0.236574 0.011458 0.045370
0.0 0.312760 0.226852 0.007812 0.046296
1.0 0.188542 0.387963 0.085417 0.077778
1.0 0.295833 0.454167 0.087500 0.086111
1.0 0.213542 0.321759 0.060417 0.063889
1.0 0.129948 0.275926 0.070312 0.066667
1.0 0.822135 0.061574 0.026562 0.043519
1.0 0.303646 0.371296 0.080208 0.083333
1.0 0.102604 0.335185 0.063542 0.068519
1.0 0.520052 0.462500 0.104688 0.089815
2.0 0.065365 0.237500 0.023438 0.037963
