0.0 0.533594 0.270370 0.016146 0.035185
0.0 0.160938 0.157870 0.013542 0.041667
0.0 0.491667 0.255556 0.011458 0.046296
1.0 0.709635 0.124537 0.033854 0.058333
1.0 0.631771 0.187037 0.035417 0.064815
1.0 0.129688 0.275463 0.069792 0.067593
1.0 0.673438 0.824074 0.066667 0.166667
1.0 0.683333 0.187963 0.046875 0.094444
1.0 0.726562 0.551852 0.059375 0.146296
1.0 0.657813 0.125000 0.039583 0.068519
1.0 0.345313 0.487500 0.071875 0.087963
1.0 0.577865 0.770370 0.110938 0.259259
1.0 0.729688 0.068519 0.030208 0.050000
2.0 0.065365 0.237037 0.023438 0.038889
