0.0 0.517666 0.308341 0.020666 0.028309
0.0 0.082680 0.222649 0.018666 0.034430
0.0 0.469668 0.297630 0.009999 0.039020
1.0 0.469335 0.846975 0.073331 0.130833
1.0 0.755659 0.213086 0.045998 0.052027
1.0 0.648995 0.270468 0.048665 0.056618
1.0 0.035674 0.314844 0.071347 0.055088
1.0 0.758658 0.646900 0.074664 0.111705
1.0 0.718993 0.271616 0.064665 0.084927
1.0 0.884654 0.232213 0.055998 0.061208
1.0 0.813990 0.465570 0.067998 0.100994
1.0 0.687327 0.213468 0.053332 0.058913
1.0 0.216676 0.452564 0.087997 0.065799
1.0 0.649662 0.609792 0.119329 0.172149
1.0 0.783658 0.164119 0.040665 0.044376
