0.0 0.610938 0.300926 0.008333 0.048148
0.0 0.813281 0.171759 0.011979 0.043519
0.0 0.715365 0.393981 0.015104 0.032407
0.0 0.402083 0.068981 0.007292 0.036111
0.0 0.689844 0.421759 0.010937 0.050926
0.0 0.820833 0.168056 0.010417 0.043519
0.0 0.860156 0.166204 0.011979 0.043519
1.0 0.725000 0.358796 0.078125 0.076852
1.0 0.222396 0.290278 0.041667 0.078704
1.0 0.188802 0.113426 0.041146 0.073148
1.0 0.912500 0.254630 0.076042 0.059259
1.0 0.202604 0.197685 0.023958 0.047222
2.0 0.544010 0.837500 0.035937 0.102778
