0.0 0.852865 0.322685 0.011979 0.034259
0.0 0.102865 0.203241 0.010938 0.025000
0.0 0.302865 0.293056 0.008854 0.037963
0.0 0.612240 0.105556 0.007812 0.018519
0.0 0.292708 0.287037 0.015625 0.031481
1.0 0.687240 0.190741 0.028646 0.048148
1.0 0.523438 0.891667 0.045833 0.144444
1.0 0.709115 0.265278 0.032812 0.054630
1.0 0.710417 0.108333 0.019792 0.035185
1.0 0.235417 0.376852 0.063542 0.062963
1.0 0.670313 0.243519 0.029167 0.055556
1.0 0.652865 0.947685 0.042188 0.100926
1.0 0.717969 0.068056 0.017188 0.032407
1.0 0.651563 0.178241 0.023958 0.045370
1.0 0.690365 0.056019 0.017188 0.030556
1.0 0.699740 0.145833 0.026563 0.043519
1.0 0.158594 0.338889 0.066146 0.050000
1.0 0.632292 0.221296 0.035417 0.072222
2.0 0.101042 0.547685 0.034375 0.043519
