0.0 0.778385 0.607407 0.017188 0.044444
0.0 0.872135 0.542130 0.020313 0.043519
0.0 0.265104 0.395370 0.012500 0.046296
0.0 0.809896 0.707407 0.020833 0.050000
0.0 0.098437 0.895370 0.027083 0.055556
0.0 0.258594 0.337500 0.013021 0.043519
0.0 0.720833 0.502778 0.012500 0.042593
1.0 0.686458 0.706019 0.103125 0.137963
1.0 0.427604 0.544907 0.037500 0.110185
1.0 0.526042 0.174074 0.030208 0.074074
1.0 0.504688 0.715741 0.044792 0.164815
1.0 0.350000 0.743519 0.048958 0.179630
3.0 0.583073 0.138889 0.076563 0.224074
