0.0 0.865365 0.116204 0.005729 0.019444
0.0 0.260417 0.272685 0.012500 0.026852
0.0 0.126562 0.215278 0.010417 0.028704
0.0 0.578646 0.176852 0.009375 0.027778
0.0 0.430990 0.332870 0.013021 0.030556
1.0 0.085938 0.542593 0.085417 0.087037
1.0 0.576562 0.552315 0.055208 0.115741
1.0 0.777865 0.092593 0.021354 0.031481
1.0 0.484635 0.431019 0.069271 0.073148
1.0 0.717187 0.080556 0.018750 0.033333
1.0 0.747135 0.311574 0.028646 0.052778
1.0 0.121094 0.084722 0.039062 0.037963
1.0 0.143490 0.094444 0.045312 0.033333
1.0 0.265365 0.392593 0.073437 0.055556
1.0 0.730990 0.415278 0.036979 0.076852
