0.0 0.942187 0.307870 0.015625 0.026852
0.0 0.117708 0.257870 0.014583 0.028704
0.0 0.380208 0.370833 0.010417 0.034259
0.0 0.135156 0.262500 0.015104 0.028704
0.0 0.931510 0.334722 0.010938 0.010185
0.0 0.951302 0.221759 0.014063 0.017593
1.0 0.722135 0.232870 0.033854 0.037963
1.0 0.658333 0.250463 0.053125 0.062037
1.0 0.107292 0.394907 0.081250 0.054630
1.0 0.750781 0.283796 0.038021 0.039815
1.0 0.694792 0.417130 0.053125 0.069444
1.0 0.700521 0.268056 0.036458 0.049074
2.0 0.682031 0.218056 0.009896 0.012037
3.0 0.069531 0.320833 0.095312 0.065741
