0.0 0.505469 0.643056 0.010938 0.039815
0.0 0.357812 0.762963 0.013542 0.042593
0.0 0.571094 0.625000 0.008854 0.044444
0.0 0.646615 0.288426 0.007812 0.034259
0.0 0.784635 0.543981 0.014062 0.041667
0.0 0.833594 0.597222 0.017188 0.044444
0.0 0.580208 0.640741 0.019792 0.042593
0.0 0.327865 0.213426 0.007812 0.030556
1.0 0.438542 0.416667 0.065625 0.061111
1.0 0.596615 0.541667 0.065104 0.092593
1.0 0.605990 0.328241 0.045312 0.049074
1.0 0.627865 0.464352 0.044271 0.082407
1.0 0.712240 0.190278 0.036979 0.041667
2.0 0.446615 0.720833 0.026562 0.062037
3.0 0.785417 0.169444 0.104167 0.118519
3.0 0.528385 0.356481 0.070313 0.083333
