0.0 0.802083 0.406481 0.012500 0.038889
0.0 0.393490 0.575463 0.011979 0.041667
0.0 0.798698 0.446296 0.010937 0.040741
0.0 0.794271 0.568056 0.012500 0.041667
1.0 0.504688 0.292593 0.027083 0.037037
1.0 0.169010 0.208333 0.034896 0.038889
1.0 0.291667 0.231481 0.051042 0.046296
1.0 0.271354 0.263426 0.040625 0.043519
1.0 0.291406 0.746759 0.079687 0.132407
1.0 0.284375 0.188889 0.040625 0.038889
1.0 0.232812 0.203704 0.041667 0.038889
1.0 0.389323 0.231944 0.057813 0.063889
3.0 0.928646 0.511111 0.142708 0.190741
