0.0 0.816698 0.265868 0.015001 0.057041
0.0 0.793780 0.321582 0.014168 0.075612
1.0 0.622720 0.186277 0.036253 0.123367
1.0 0.275186 0.365358 0.054589 0.107449
1.0 0.713355 0.278469 0.036670 0.127347
1.0 0.541254 0.243980 0.079174 0.177755
1.0 0.196428 0.281123 0.062923 0.114082
1.0 0.609594 0.041735 0.032503 0.083470
1.0 0.564382 0.369337 0.055422 0.152550
1.0 0.372071 0.344797 0.070007 0.114082
2.0 0.588342 0.131226 0.009167 0.053061
2.0 0.731689 0.124593 0.011668 0.063673
3.0 0.606677 0.614745 0.072507 0.282550
3.0 0.166842 0.125256 0.073758 0.139285
