0.0 0.642708 0.336574 0.018750 0.043519
0.0 0.845312 0.633796 0.022917 0.058333
0.0 0.940104 0.797685 0.035417 0.069444
0.0 0.704948 0.218981 0.013021 0.043519
0.0 0.674740 0.233796 0.007812 0.047222
1.0 0.811458 0.387963 0.085417 0.077778
1.0 0.611979 0.486574 0.098958 0.080556
1.0 0.786458 0.321759 0.060417 0.063889
1.0 0.870052 0.275926 0.070312 0.066667
1.0 0.190885 0.128704 0.029687 0.050000
1.0 0.177865 0.062963 0.028646 0.044444
1.0 0.607552 0.385648 0.083854 0.073148
1.0 0.897396 0.335185 0.063542 0.068519
1.0 0.237760 0.112963 0.043229 0.072222
1.0 0.402604 0.398148 0.080208 0.100000
2.0 0.934635 0.237500 0.023438 0.037963
