0.0 0.101823 0.339352 0.005729 0.012037
0.0 0.429948 0.289815 0.013021 0.048148
0.0 0.817188 0.562037 0.019792 0.055556
0.0 0.724219 0.478704 0.008854 0.031481
0.0 0.218750 0.362500 0.012500 0.052778
0.0 0.165104 0.389352 0.015625 0.050926
1.0 0.362760 0.178241 0.041146 0.067593
1.0 0.473177 0.657407 0.076563 0.177778
1.0 0.186198 0.105093 0.031771 0.050926
2.0 0.224219 0.314815 0.016146 0.046296
2.0 0.318750 0.211111 0.012500 0.038889
3.0 0.273698 0.243056 0.057813 0.113889
3.0 0.312240 0.767130 0.142187 0.391667
