0.0 0.152865 0.893981 0.023438 0.049074
0.0 0.299740 0.491667 0.011979 0.042593
0.0 0.757812 0.243519 0.010417 0.044444
0.0 0.334115 0.481019 0.015104 0.049074
0.0 0.846094 0.538426 0.017188 0.050926
0.0 0.687760 0.477778 0.014062 0.040741
0.0 0.451042 0.468519 0.007292 0.042593
1.0 0.527344 0.096759 0.025521 0.065741
1.0 0.572917 0.091667 0.025000 0.057407
1.0 0.469271 0.218981 0.031250 0.078704
1.0 0.622917 0.179167 0.029167 0.080556
3.0 0.416667 0.138889 0.077083 0.224074
3.0 0.520833 0.188889 0.034375 0.135185
