0.0 0.919531 0.420833 0.025521 0.028704
0.0 0.016406 0.258796 0.013021 0.019444
0.0 0.896875 0.422685 0.018750 0.032407
1.0 0.618490 0.440278 0.058854 0.067593
1.0 0.183073 0.437037 0.073437 0.046296
1.0 0.811979 0.335185 0.042708 0.042593
1.0 0.464323 0.418981 0.127604 0.067593
1.0 0.089063 0.406019 0.085417 0.049074
1.0 0.623698 0.330556 0.048438 0.050000
1.0 0.444010 0.486574 0.084896 0.058333
1.0 0.206771 0.395833 0.086458 0.043519
2.0 0.582292 0.379630 0.019792 0.025926
2.0 0.806250 0.281944 0.013542 0.023148
3.0 0.698958 0.435185 0.078125 0.090741
3.0 0.049479 0.338889 0.098958 0.059259
