0.0 0.273438 0.284722 0.007292 0.047222
0.0 0.446615 0.219907 0.004688 0.069444
0.0 0.692969 0.639815 0.013021 0.085185
0.0 0.617708 0.432407 0.004167 0.044444
0.0 0.339844 0.304167 0.006771 0.075000
0.0 0.329167 0.340741 0.010417 0.072222
1.0 0.430208 0.089352 0.025000 0.104630
1.0 0.507292 0.560185 0.051042 0.198148
2.0 0.336719 0.156019 0.008854 0.060185
2.0 0.404167 0.139815 0.007292 0.057407
2.0 0.517448 0.895833 0.015104 0.141667
3.0 0.363542 0.069444 0.030208 0.138889
3.0 0.377604 0.676389 0.069792 0.462037
