0.0 0.375161 0.317612 0.018338 0.057354
0.0 0.241387 0.452969 0.015047 0.061943
0.0 0.250086 0.505162 0.014577 0.069972
0.0 0.266779 0.530398 0.016927 0.072267
0.0 0.435817 0.197741 0.011755 0.056207
0.0 0.245384 0.108840 0.009874 0.055060
1.0 0.215996 0.358907 0.077114 0.096356
1.0 0.315679 0.443219 0.078994 0.106680
1.0 0.238801 0.276889 0.055014 0.079150
1.0 0.160747 0.218388 0.063477 0.081444
1.0 0.322733 0.340553 0.072411 0.103238
1.0 0.135826 0.290656 0.056895 0.083738
1.0 0.449218 0.485088 0.098743 0.096356
2.0 0.101031 0.170210 0.021160 0.047031
