0.0 0.050106 0.403200 0.021395 0.028005
0.0 0.997530 0.243085 0.004939 0.024352
0.0 0.081308 0.417812 0.019613 0.035311
1.0 0.346371 0.391024 0.056459 0.063315
1.0 0.834002 0.433336 0.077260 0.049313
1.0 0.182341 0.358453 0.048140 0.051748
1.0 0.480090 0.398634 0.125400 0.079753
1.0 0.932955 0.399547 0.089741 0.052357
1.0 0.354989 0.300008 0.048733 0.050531
1.0 0.486331 0.471995 0.089147 0.068186
1.0 0.753771 0.406244 0.095089 0.048704
2.0 0.388864 0.350234 0.014264 0.025570
2.0 0.169860 0.295747 0.014858 0.027396
3.0 0.316358 0.486607 0.091523 0.110803
3.0 0.961277 0.328013 0.077445 0.063924
