0.0 0.507552 0.262037 0.016146 0.037037
0.0 0.811198 0.171759 0.014063 0.041667
0.0 0.541146 0.255556 0.008333 0.046296
1.0 0.528125 0.769444 0.070833 0.190741
1.0 0.311979 0.185185 0.038542 0.068519
1.0 0.403646 0.267130 0.046875 0.073148
1.0 0.870052 0.275926 0.070312 0.066667
1.0 0.275521 0.561574 0.052083 0.112037
1.0 0.344792 0.266667 0.054167 0.111111
1.0 0.192187 0.137500 0.040625 0.067593
1.0 0.239583 0.381019 0.047917 0.104630
1.0 0.368229 0.185648 0.044792 0.076852
1.0 0.785417 0.403241 0.067708 0.075000
1.0 0.352083 0.522685 0.081250 0.171296
1.0 0.287760 0.119444 0.033854 0.057407
2.0 0.934635 0.237500 0.023438 0.037963
