0.0 0.736198 0.207407 0.005729 0.046296
0.0 0.270573 0.148148 0.006771 0.031481
0.0 0.341406 0.211574 0.004688 0.047222
0.0 0.564844 0.026389 0.005729 0.025000
0.0 0.350260 0.212500 0.008854 0.036111
1.0 0.620833 0.104630 0.018750 0.061111
1.0 0.611979 0.407407 0.028125 0.105556
1.0 0.328906 0.342130 0.041146 0.080556
1.0 0.610156 0.173611 0.019271 0.071296
1.0 0.598177 0.088889 0.015104 0.057407
1.0 0.629167 0.049074 0.017708 0.055556
1.0 0.211198 0.054167 0.035937 0.054630
1.0 0.278646 0.293981 0.042708 0.063889
1.0 0.585677 0.144907 0.023438 0.091667
2.0 0.241927 0.561111 0.022396 0.053704
