0 0.703125 0.550926 0.012500 0.038889
0 0.502604 0.645833 0.008333 0.043519
0 0.712760 0.560648 0.011979 0.039815
0 0.764583 0.421296 0.009375 0.038889
0 0.890885 0.649537 0.021354 0.047222
0 0.762760 0.533796 0.020313 0.026852
0 0.472396 0.143056 0.005208 0.028704
1 0.314063 0.375463 0.060417 0.062037
1 0.519792 0.917593 0.077083 0.162963
1 0.786198 0.888889 0.102604 0.168519
1 0.573438 0.846296 0.072917 0.150000
1 0.276562 0.502315 0.059375 0.063889
1 0.841146 0.836574 0.107292 0.162037
1 0.801042 0.149537 0.034375 0.037963
2 0.134635 0.457407 0.035937 0.038889
2 0.100781 0.667130 0.049479 0.037963
3 0.445573 0.710648 0.067187 0.139815
3 0.113021 0.572222 0.111458 0.120370