0.0 0.858859 0.353822 0.010788 0.025394
0.0 0.134205 0.299127 0.009248 0.017580
0.0 0.272406 0.347310 0.008220 0.025394
0.0 0.603522 0.233362 0.007706 0.013673
0.0 0.260589 0.339497 0.012330 0.018883
1.0 0.684696 0.282523 0.028257 0.033859
1.0 0.687265 0.396471 0.037504 0.048184
1.0 0.710383 0.218712 0.019009 0.024743
1.0 0.092334 0.234339 0.052917 0.039068
1.0 0.239525 0.413400 0.062679 0.044277
1.0 0.668256 0.320288 0.029284 0.039068
1.0 0.649760 0.273733 0.023120 0.031905
1.0 0.697283 0.251594 0.026715 0.030603
1.0 0.163232 0.386704 0.065247 0.035161
1.0 0.630751 0.304661 0.035449 0.050788
2.0 0.106975 0.533859 0.033908 0.029952
