0.0 0.468490 0.268519 0.017188 0.038889
0.0 0.203646 0.178241 0.011458 0.041667
0.0 0.440885 0.256481 0.011979 0.046296
1.0 0.434115 0.613426 0.085938 0.145370
1.0 0.673698 0.225000 0.041146 0.075926
1.0 0.552344 0.325463 0.057813 0.078704
1.0 0.129948 0.275926 0.070312 0.066667
1.0 0.745313 0.455556 0.046875 0.094444
1.0 0.632031 0.330093 0.059896 0.125000
1.0 0.815365 0.098148 0.038021 0.062963
1.0 0.774740 0.307407 0.043229 0.088889
1.0 0.614323 0.225000 0.047396 0.083333
1.0 0.154688 0.366667 0.065625 0.072222
1.0 0.675781 0.421759 0.071354 0.141667
1.0 0.701042 0.150926 0.036458 0.062963
2.0 0.065365 0.237500 0.023438 0.037963
