0.0 0.655729 0.372685 0.017708 0.045370
0.0 0.775781 0.458333 0.018229 0.046296
0.0 0.771094 0.497222 0.015104 0.057407
0.0 0.750000 0.509259 0.016667 0.059259
0.0 0.542187 0.256944 0.007292 0.045370
0.0 0.800781 0.176389 0.011979 0.043519
1.0 0.329688 0.102778 0.036458 0.057407
1.0 0.873438 0.350926 0.081250 0.072222
1.0 0.772656 0.410648 0.082812 0.076852
1.0 0.843229 0.290741 0.058333 0.061111
1.0 0.923177 0.246759 0.067187 0.063889
1.0 0.758333 0.337963 0.077083 0.079630
1.0 0.632552 0.485185 0.108854 0.079630
