0.0 0.078125 0.186111 0.015625 0.037037
0.0 0.842448 0.157407 0.013021 0.042593
0.0 0.563542 0.279630 0.007292 0.046296
0.0 0.820312 0.166667 0.011458 0.044444
0.0 0.073438 0.243981 0.014583 0.043519
0.0 0.060417 0.120370 0.014583 0.025926
1.0 0.280990 0.100463 0.032813 0.056481
1.0 0.346615 0.134259 0.051562 0.090741
1.0 0.879167 0.346296 0.079167 0.079630
1.0 0.287760 0.299537 0.046354 0.076852
1.0 0.397396 0.562500 0.093750 0.125000
1.0 0.305208 0.160648 0.035417 0.071296
2.0 0.323438 0.087037 0.010417 0.018519
3.0 0.915885 0.237963 0.092188 0.096296
