0.0 0.172396 0.387963 0.011458 0.040741
0.0 0.942448 0.184722 0.010937 0.023148
0.0 0.654427 0.321759 0.007812 0.037963
0.0 0.879687 0.885185 0.026042 0.062963
0.0 0.650000 0.311111 0.014583 0.031481
1.0 0.325000 0.231019 0.031250 0.054630
1.0 0.600260 0.534722 0.059896 0.071296
1.0 0.266146 0.158796 0.026042 0.039815
1.0 0.309375 0.051389 0.015625 0.030556
1.0 0.297135 0.135648 0.020313 0.037963
1.0 0.280990 0.057870 0.017188 0.030556
1.0 0.823698 0.346296 0.060937 0.059259
1.0 0.313542 0.709722 0.048958 0.121296
1.0 0.485938 0.778704 0.062500 0.166667
1.0 0.344792 0.294444 0.033333 0.064815
1.0 0.285417 0.543519 0.028125 0.059259
1.0 0.876562 0.087037 0.042708 0.035185
1.0 0.287500 0.102315 0.020833 0.036111
1.0 0.362760 0.216204 0.026562 0.050926
1.0 0.326562 0.122685 0.025000 0.037963
1.0 0.309635 0.179167 0.028646 0.049074
1.0 0.895312 0.312037 0.063542 0.048148
1.0 0.385938 0.269907 0.039583 0.080556
2.0 0.898438 0.548148 0.034375 0.042593
