0.0 0.065365 0.093519 0.009896 0.031481
0.0 0.799740 0.176389 0.013021 0.043519
0.0 0.750260 0.198148 0.013021 0.044444
0.0 0.049740 0.226852 0.017188 0.027778
1.0 0.930990 0.316667 0.073437 0.068519
1.0 0.346615 0.134259 0.051562 0.090741
1.0 0.557292 0.482870 0.092708 0.086111
1.0 0.805990 0.653241 0.107812 0.112037
1.0 0.949219 0.540278 0.101562 0.110185
1.0 0.892188 0.786111 0.085417 0.168519
1.0 0.305208 0.160648 0.035417 0.071296
2.0 0.323438 0.087037 0.010417 0.018519
3.0 0.799740 0.300463 0.097396 0.106481
