0.0 0.140365 0.308333 0.011979 0.037037
0.0 0.882552 0.206944 0.009896 0.025000
0.0 0.713802 0.287037 0.009896 0.037037
0.0 0.391667 0.114815 0.007292 0.018519
0.0 0.725260 0.279630 0.015104 0.031481
1.0 0.312760 0.190741 0.028646 0.048148
1.0 0.299479 0.304630 0.035417 0.061111
1.0 0.289323 0.109259 0.019271 0.035185
1.0 0.764063 0.376852 0.063542 0.062963
1.0 0.329427 0.244444 0.029687 0.055556
1.0 0.281250 0.059259 0.016667 0.031481
1.0 0.348177 0.178241 0.023438 0.045370
1.0 0.300000 0.146759 0.027083 0.043519
1.0 0.841406 0.338889 0.066146 0.050000
1.0 0.367448 0.222222 0.035937 0.072222
2.0 0.898438 0.548148 0.034375 0.042593
