0.0 0.078125 0.187037 0.015625 0.037037
0.0 0.842448 0.158333 0.013021 0.042593
0.0 0.563802 0.279630 0.007812 0.046296
0.0 0.820833 0.166667 0.011458 0.044444
0.0 0.073698 0.244907 0.014063 0.043519
0.0 0.060417 0.121296 0.014583 0.025926
1.0 0.281510 0.100926 0.032813 0.055556
1.0 0.346615 0.135185 0.051562 0.090741
1.0 0.879427 0.347222 0.078646 0.079630
1.0 0.288281 0.300000 0.046354 0.075926
1.0 0.397396 0.562500 0.093750 0.125000
1.0 0.305729 0.161111 0.035417 0.072222
2.0 0.323698 0.087500 0.009896 0.017593
3.0 0.916406 0.238426 0.092188 0.097222
