0.0 0.328125 0.557870 0.014583 0.037963
0.0 0.500781 0.649074 0.005729 0.042593
0.0 0.315365 0.581944 0.011979 0.039815
0.0 0.262760 0.394444 0.009896 0.038889
0.0 0.150000 0.607870 0.021875 0.045370
0.0 0.266927 0.549074 0.021354 0.035185
0.0 0.547917 0.152778 0.005208 0.029630
1.0 0.765885 0.412500 0.065104 0.065741
1.0 0.944271 0.616667 0.100000 0.087037
1.0 0.136198 0.127315 0.020313 0.032407
1.0 0.480208 0.917593 0.077083 0.162963
1.0 0.213802 0.888889 0.102604 0.168519
1.0 0.426562 0.846296 0.072917 0.150000
1.0 0.637760 0.456944 0.054688 0.060185
1.0 0.158854 0.836574 0.107292 0.162037
1.0 0.238542 0.167593 0.035417 0.038889
2.0 0.899219 0.667130 0.049479 0.037963
3.0 0.554427 0.710648 0.067187 0.139815
3.0 0.783854 0.518981 0.098958 0.110185
