0.0 0.235351 0.398608 0.003808 0.007597
0.0 0.453440 0.367343 0.008654 0.030388
0.0 0.710819 0.539154 0.013155 0.035064
0.0 0.649027 0.486559 0.005885 0.019869
0.0 0.313067 0.413218 0.008308 0.033311
0.0 0.277411 0.430165 0.010385 0.032142
1.0 0.408783 0.296923 0.027348 0.042661
1.0 0.482172 0.599347 0.050888 0.112204
1.0 0.291431 0.250756 0.021117 0.032142
2.0 0.316702 0.383121 0.010731 0.029220
2.0 0.379532 0.317669 0.008308 0.024545
3.0 0.349588 0.337831 0.038425 0.071881
3.0 0.375205 0.668598 0.094505 0.247199
