0.0 0.401569 0.351244 0.006134 0.034808
0.0 0.266051 0.297390 0.010596 0.032181
0.0 0.119380 0.549913 0.035135 0.027584
0.0 0.600662 0.198548 0.009480 0.024957
0.0 0.153678 0.587020 0.026769 0.045316
0.0 0.087592 0.244849 0.012827 0.028241
0.0 0.251272 0.307570 0.014500 0.032838
1.0 0.648623 0.267836 0.046288 0.051884
1.0 0.777169 0.234669 0.046846 0.053854
1.0 0.840187 0.204130 0.031231 0.032181
1.0 0.737016 0.554511 0.083653 0.133979
1.0 0.485221 0.528569 0.095365 0.097857
1.0 0.681248 0.762375 0.052422 0.080781
2.0 0.695190 0.292464 0.013384 0.027584
