0.0 0.192188 0.613426 0.014583 0.043519
0.0 0.772917 0.529630 0.014583 0.042593
0.0 0.210938 0.694907 0.014583 0.043519
0.0 0.315365 0.762963 0.017188 0.042593
1.0 0.330469 0.607870 0.069271 0.073148
1.0 0.771094 0.163889 0.022396 0.031481
1.0 0.615365 0.406944 0.029688 0.073148
1.0 0.774740 0.198148 0.048438 0.044444
1.0 0.667969 0.550000 0.052604 0.081481
1.0 0.716667 0.761574 0.081250 0.134259
1.0 0.470833 0.781019 0.065625 0.154630
1.0 0.840365 0.130093 0.051562 0.049074
3.0 0.080990 0.509722 0.161979 0.206481
3.0 0.629687 0.305556 0.067708 0.075926
