0.0 0.637760 0.352778 0.019271 0.046296
0.0 0.785937 0.463889 0.016667 0.048148
0.0 0.777344 0.504167 0.016146 0.056481
0.0 0.757812 0.524537 0.018750 0.056481
0.0 0.577865 0.256019 0.014062 0.045370
0.0 0.777344 0.186574 0.009896 0.043519
1.0 0.309115 0.056019 0.032812 0.049074
1.0 0.810937 0.387500 0.085417 0.078704
1.0 0.704167 0.454167 0.087500 0.086111
1.0 0.785937 0.320833 0.060417 0.063889
1.0 0.869792 0.275463 0.069792 0.067593
1.0 0.696094 0.370370 0.079688 0.083333
1.0 0.897135 0.334722 0.064063 0.069444
1.0 0.556250 0.487500 0.109375 0.078704
2.0 0.934115 0.237037 0.023438 0.038889
