0.0 0.266971 0.560443 0.021322 0.037835
0.0 0.502285 0.649033 0.007615 0.043372
0.0 0.247170 0.589974 0.019800 0.041526
0.0 0.169113 0.386495 0.014469 0.036912
0.0 0.013544 0.592281 0.027088 0.044294
0.0 0.176348 0.554446 0.031984 0.035066
0.0 0.581866 0.158101 0.008377 0.028607
1.0 0.932171 0.426637 0.098237 0.067365
1.0 0.471061 0.916185 0.112707 0.162413
1.0 0.081537 0.887577 0.150022 0.167951
1.0 0.392623 0.845128 0.106615 0.149494
1.0 0.660302 0.442325 0.078438 0.058136
1.0 0.039817 0.835439 0.079633 0.161491
1.0 0.137891 0.175173 0.052545 0.038758
3.0 0.579580 0.709938 0.098237 0.139343
3.0 0.865917 0.501846 0.139360 0.107045
