0.0 0.470052 0.284722 0.005729 0.043519
0.0 0.760677 0.515741 0.017188 0.053704
0.0 0.718490 0.514352 0.006771 0.026852
0.0 0.910417 0.128704 0.011458 0.027778
0.0 0.248958 0.366204 0.013542 0.049074
0.0 0.158594 0.387963 0.014063 0.038889
1.0 0.362240 0.166667 0.035937 0.059259
1.0 0.471354 0.883333 0.073958 0.181481
1.0 0.222135 0.181019 0.032813 0.056481
2.0 0.261719 0.408796 0.016146 0.049074
2.0 0.323177 0.195370 0.010938 0.035185
3.0 0.316667 0.348148 0.061458 0.127778
3.0 0.357292 0.889815 0.113542 0.168519
