0.0 0.212760 0.428241 0.019271 0.030556
0.0 0.150781 0.331944 0.015104 0.032407
1.0 0.856250 0.092130 0.043750 0.028704
1.0 0.872396 0.123611 0.037500 0.036111
1.0 0.858854 0.137500 0.032292 0.032407
1.0 0.293750 0.123148 0.025000 0.044444
1.0 0.911458 0.544444 0.085417 0.088889
1.0 0.330990 0.130093 0.026562 0.045370
2.0 0.902344 0.362500 0.021354 0.034259
2.0 0.860417 0.325463 0.019792 0.032407
3.0 0.880990 0.076389 0.045312 0.056481
3.0 0.847135 0.387963 0.065104 0.074074
3.0 0.949219 0.189815 0.073438 0.064815
