0.0 0.790104 0.647685 0.016667 0.045370
0.0 0.843750 0.545370 0.017708 0.044444
0.0 0.266667 0.374537 0.012500 0.047222
0.0 0.803385 0.650463 0.019271 0.049074
0.0 0.108594 0.799537 0.011979 0.025000
0.0 0.256771 0.358333 0.011458 0.046296
0.0 0.689583 0.484722 0.013542 0.041667
1.0 0.761458 0.761574 0.112500 0.119444
1.0 0.427604 0.456944 0.035417 0.097222
1.0 0.530729 0.219907 0.031250 0.078704
1.0 0.511458 0.844444 0.048958 0.188889
1.0 0.355469 0.630093 0.044271 0.156481
3.0 0.583073 0.138889 0.076563 0.224074
