0.0 0.465625 0.300000 0.013542 0.040741
0.0 0.783073 0.515741 0.018229 0.046296
0.0 0.736979 0.515741 0.011458 0.018519
0.0 0.943750 0.153704 0.012500 0.024074
0.0 0.228906 0.375000 0.014063 0.044444
0.0 0.133333 0.398611 0.018750 0.041667
1.0 0.351562 0.189815 0.038542 0.055556
1.0 0.468750 0.851389 0.070833 0.178704
1.0 0.200781 0.200463 0.034896 0.052778
2.0 0.244010 0.415278 0.017188 0.045370
2.0 0.310156 0.217130 0.011979 0.032407
3.0 0.301562 0.354630 0.065625 0.118519
3.0 0.345833 0.857407 0.125000 0.166667
