0.0 0.155490 0.417073 0.013599 0.027189
0.0 0.596610 0.563214 0.009633 0.029908
0.0 0.158040 0.438825 0.011899 0.028549
0.0 0.173905 0.519032 0.013032 0.029908
1.0 0.411889 0.373911 0.031165 0.029228
1.0 0.677638 0.318853 0.058363 0.036025
1.0 0.810513 0.304579 0.041931 0.030588
1.0 0.034398 0.589044 0.068796 0.066613
1.0 0.828361 0.800778 0.116159 0.131187
1.0 0.654406 0.589724 0.071962 0.078848
1.0 0.734584 0.272292 0.044197 0.029908
1.0 0.761499 0.292004 0.047030 0.029908
1.0 0.549013 0.325650 0.066295 0.049620
3.0 0.035814 0.632207 0.071628 0.079528
