0.0 0.383691 0.377526 0.019429 0.028287
0.0 0.118520 0.624882 0.027830 0.041527
0.0 0.272898 0.312527 0.011026 0.027083
0.0 0.343785 0.332388 0.012077 0.030694
1.0 0.208836 0.435904 0.087690 0.052360
1.0 0.503938 0.480139 0.096092 0.060184
1.0 0.257932 0.400997 0.063011 0.042731
1.0 0.126921 0.354355 0.070887 0.043333
1.0 0.800616 0.295977 0.033081 0.036111
1.0 0.465082 0.690783 0.111844 0.166108
1.0 0.816106 0.244820 0.031506 0.033703
1.0 0.465606 0.418150 0.084540 0.056573
1.0 0.099354 0.392873 0.064062 0.044536
1.0 0.749156 0.283338 0.047784 0.054165
1.0 0.634687 0.394377 0.056185 0.063193
2.0 0.061810 0.329379 0.023630 0.024675
