0.0 0.267185 0.334164 0.010335 0.023734
0.0 0.720328 0.258397 0.007177 0.026777
0.0 0.589566 0.422103 0.006315 0.035297
0.0 0.715161 0.260832 0.007751 0.026777
0.0 0.281969 0.377677 0.007751 0.031646
1.0 0.381296 0.243487 0.018086 0.037122
1.0 0.519521 0.648491 0.034449 0.096154
1.0 0.415458 0.260223 0.028420 0.059640
1.0 0.709132 0.399586 0.043348 0.052337
1.0 0.352589 0.234054 0.018086 0.030428
1.0 0.373545 0.325036 0.022679 0.048077
1.0 0.392922 0.277263 0.019521 0.047468
2.0 0.402826 0.228882 0.005454 0.011563
2.0 0.398664 0.688657 0.014354 0.059640
3.0 0.729514 0.328079 0.050812 0.063900
