0.0 0.102865 0.299074 0.016146 0.040741
0.0 0.937240 0.109722 0.014062 0.039815
0.0 0.921615 0.118981 0.013021 0.041667
0.0 0.132292 0.375000 0.017708 0.053704
1.0 0.318490 0.203241 0.040104 0.071296
1.0 0.709896 0.449074 0.070833 0.081481
1.0 0.262240 0.493981 0.055729 0.119444
1.0 0.394792 0.243519 0.064583 0.114815
1.0 0.879167 0.346296 0.079167 0.079630
1.0 0.339844 0.120370 0.036979 0.064815
1.0 0.199479 0.081019 0.031250 0.049074
1.0 0.352083 0.290278 0.043750 0.091667
1.0 0.538542 0.493519 0.084375 0.114815
2.0 0.362240 0.180556 0.010938 0.031481
3.0 0.441146 0.844907 0.120833 0.297222
3.0 0.915885 0.237963 0.092188 0.096296
