0.0 0.676042 0.480556 0.016667 0.038889
0.0 0.731250 0.475000 0.014583 0.038889
0.0 0.291406 0.528704 0.016146 0.042593
0.0 0.750521 0.352778 0.011458 0.046296
0.0 0.399219 0.064815 0.006771 0.040741
1.0 0.525260 0.135185 0.027604 0.081481
1.0 0.519792 0.247222 0.030208 0.087037
1.0 0.572917 0.896759 0.047917 0.163889
1.0 0.483073 0.071296 0.028646 0.075926
1.0 0.449219 0.427315 0.039062 0.100926
3.0 0.416927 0.138889 0.076563 0.224074
3.0 0.572656 0.440741 0.048438 0.150000
3.0 0.510677 0.387037 0.041146 0.172222
