0.0 0.492448 0.261111 0.016146 0.037037
0.0 0.188542 0.170833 0.014583 0.041667
0.0 0.458333 0.255556 0.008333 0.046296
1.0 0.471615 0.768519 0.070312 0.190741
1.0 0.687760 0.184722 0.039062 0.069444
1.0 0.595833 0.267130 0.046875 0.073148
1.0 0.150000 0.275463 0.029167 0.067593
1.0 0.724219 0.560648 0.051562 0.112037
1.0 0.654687 0.266667 0.054167 0.111111
1.0 0.807813 0.137037 0.040625 0.068519
1.0 0.760417 0.381019 0.047917 0.104630
1.0 0.631771 0.184722 0.044792 0.076852
1.0 0.214062 0.403241 0.067708 0.075000
1.0 0.647917 0.521759 0.081250 0.171296
1.0 0.712240 0.118519 0.033854 0.057407
