0.0 0.864844 0.283333 0.010937 0.037037
0.0 0.135937 0.218519 0.010417 0.024074
0.0 0.259375 0.280556 0.009375 0.037037
0.0 0.603125 0.124074 0.007292 0.018519
0.0 0.266927 0.272222 0.010937 0.022222
1.0 0.687240 0.190741 0.028646 0.048148
1.0 0.683594 0.379630 0.040104 0.074074
1.0 0.714583 0.093981 0.018750 0.034259
1.0 0.103906 0.111111 0.048438 0.053704
1.0 0.235937 0.376852 0.063542 0.062963
1.0 0.670573 0.244444 0.029687 0.055556
1.0 0.651823 0.178241 0.023438 0.045370
1.0 0.700000 0.146759 0.027083 0.043519
1.0 0.158594 0.338889 0.066146 0.050000
1.0 0.632552 0.222222 0.035937 0.072222
2.0 0.101562 0.548148 0.034375 0.042593
