0.0 0.406510 0.805093 0.006771 0.050926
0.0 0.344010 0.684259 0.007812 0.055556
0.0 0.477865 0.729167 0.004688 0.050926
0.0 0.592448 0.612500 0.006771 0.049074
0.0 0.620313 0.565741 0.008333 0.048148
0.0 0.430990 0.835185 0.010937 0.055556
0.0 0.336198 0.238889 0.005729 0.038889
1.0 0.509375 0.349537 0.032292 0.069444
1.0 0.579948 0.158796 0.004687 0.026852
1.0 0.403385 0.414815 0.036979 0.074074
1.0 0.659635 0.170370 0.020312 0.050000
1.0 0.563021 0.410648 0.018750 0.091667
1.0 0.554167 0.189352 0.020833 0.054630
3.0 0.608333 0.149537 0.059375 0.152778
3.0 0.554167 0.282870 0.036458 0.095370
