0.0 0.914323 0.383796 0.015104 0.036111
0.0 0.617708 0.762037 0.007292 0.025926
0.0 0.266667 0.425926 0.010417 0.038889
0.0 0.344531 0.539815 0.007812 0.040741
0.0 0.284375 0.075463 0.007292 0.025000
1.0 0.203646 0.913426 0.090625 0.152778
1.0 0.462500 0.750000 0.037500 0.074074
1.0 0.480208 0.917593 0.077083 0.162963
1.0 0.274740 0.646296 0.077604 0.116667
1.0 0.580208 0.537500 0.064583 0.076852
2.0 0.183073 0.143519 0.017188 0.024074
2.0 0.899219 0.667130 0.049479 0.037963
3.0 0.373177 0.577778 0.082812 0.142593
3.0 0.554427 0.710648 0.067187 0.139815
