0.0 0.342187 0.331481 0.012500 0.025926
0.0 0.180990 0.581019 0.019271 0.062037
0.0 0.098958 0.642593 0.029167 0.064815
0.0 0.104167 0.728704 0.027083 0.066667
0.0 0.304688 0.230093 0.010417 0.045370
0.0 0.315365 0.229630 0.007812 0.046296
1.0 0.188542 0.387500 0.085417 0.078704
1.0 0.324740 0.469907 0.091146 0.087963
1.0 0.213542 0.336574 0.060417 0.032407
1.0 0.110417 0.275463 0.031250 0.067593
1.0 0.817448 0.083796 0.027604 0.045370
1.0 0.334115 0.380556 0.084896 0.079630
1.0 0.102344 0.334722 0.064062 0.069444
1.0 0.773438 0.069907 0.039583 0.065741
1.0 0.552865 0.440741 0.097396 0.096296
2.0 0.065365 0.237037 0.023438 0.038889
