0.0 0.369553 0.545026 0.011877 0.029549
0.0 0.500819 0.613269 0.004095 0.032363
0.0 0.359928 0.565429 0.009830 0.029549
0.0 0.317128 0.416631 0.006963 0.028845
0.0 0.231323 0.575278 0.014744 0.033769
0.0 0.321223 0.539398 0.016792 0.026734
0.0 0.540548 0.237934 0.004095 0.021810
1.0 0.718914 0.438089 0.052015 0.050655
1.0 0.839327 0.583369 0.077408 0.065429
1.0 0.216578 0.217883 0.020479 0.025327
1.0 0.484436 0.817294 0.060616 0.123822
1.0 0.274942 0.795484 0.080685 0.128044
1.0 0.442250 0.763121 0.057340 0.113972
1.0 0.598706 0.462713 0.042595 0.045026
1.0 0.231732 0.755735 0.084371 0.123118
1.0 0.299106 0.249542 0.028260 0.029549
2.0 0.813935 0.626988 0.038909 0.028845
3.0 0.542800 0.660054 0.052834 0.106234
3.0 0.711542 0.508794 0.076589 0.082313
