0.0 0.171615 0.450926 0.026563 0.037037
0.0 0.822135 0.072685 0.007812 0.025000
0.0 0.783594 0.419444 0.015104 0.037037
0.0 0.080208 0.380556 0.013542 0.037037
0.0 0.680990 0.339815 0.008854 0.037037
1.0 0.517448 0.281944 0.059896 0.049074
1.0 0.770312 0.164352 0.044792 0.039815
1.0 0.143490 0.455093 0.077604 0.069444
1.0 0.786198 0.895833 0.108854 0.184259
1.0 0.289583 0.385648 0.071875 0.063889
1.0 0.475000 0.793519 0.056250 0.124074
2.0 0.687240 0.240741 0.021354 0.027778
2.0 0.501563 0.370370 0.012500 0.031481
3.0 0.428385 0.397685 0.084896 0.186111
3.0 0.666146 0.199537 0.082292 0.082407
