0.0 0.433854 0.748611 0.020833 0.054630
0.0 0.215104 0.829630 0.026042 0.055556
0.0 0.570052 0.688889 0.008854 0.051852
0.0 0.704948 0.207407 0.010938 0.046296
0.0 0.878646 0.541204 0.017708 0.056481
0.0 0.928906 0.588426 0.022396 0.058333
0.0 0.527865 0.751389 0.030729 0.052778
0.0 0.194792 0.141204 0.010417 0.043519
1.0 0.500521 0.343981 0.088542 0.076852
1.0 0.555990 0.465278 0.094271 0.099074
1.0 0.733854 0.228241 0.061458 0.062037
1.0 0.669792 0.400000 0.050000 0.101852
1.0 0.798698 0.082870 0.040104 0.056481
3.0 0.883073 0.074074 0.152604 0.148148
3.0 0.625000 0.267130 0.097917 0.108333
