0.0 0.534283 0.420503 0.007069 0.035175
0.0 0.533222 0.459548 0.007069 0.035879
0.0 0.709584 0.324123 0.012016 0.030955
1.0 0.255957 0.578090 0.027921 0.053466
1.0 0.393618 0.232315 0.026860 0.069648
1.0 0.207007 0.766981 0.055135 0.114672
1.0 0.289179 0.432815 0.035696 0.073868
1.0 0.306851 0.622059 0.054074 0.097788
1.0 0.749521 0.732510 0.100374 0.089346
1.0 0.720716 0.645275 0.080228 0.064019
1.0 0.438503 0.517939 0.061497 0.066833
2.0 0.421539 0.252717 0.007775 0.034472
2.0 0.400333 0.187994 0.006362 0.017588
