0.0 0.363542 0.350926 0.020833 0.042593
0.0 0.214583 0.512037 0.019792 0.057407
0.0 0.185937 0.558333 0.025000 0.061111
0.0 0.176042 0.624074 0.023958 0.066667
0.0 0.287240 0.216204 0.011979 0.045370
1.0 0.188542 0.387500 0.085417 0.078704
1.0 0.295312 0.454167 0.087500 0.086111
1.0 0.213542 0.320833 0.060417 0.063889
1.0 0.129688 0.275463 0.069792 0.067593
1.0 0.052865 0.693981 0.105729 0.150926
1.0 0.303646 0.370370 0.080208 0.083333
1.0 0.102344 0.334722 0.064062 0.069444
1.0 0.443229 0.487500 0.109375 0.078704
2.0 0.065365 0.237037 0.023438 0.038889
