0.0 0.660649 0.378638 0.024620 0.034027
0.0 0.835456 0.496219 0.022159 0.046881
0.0 0.845304 0.518904 0.020927 0.046881
0.0 0.846844 0.562761 0.027699 0.051418
0.0 0.656649 0.297729 0.010464 0.037051
0.0 0.775444 0.259922 0.012925 0.037051
1.0 0.868078 0.408506 0.100945 0.063517
1.0 0.741283 0.462571 0.103407 0.070322
1.0 0.838533 0.354440 0.071400 0.052175
1.0 0.937324 0.317011 0.083094 0.054443
1.0 0.932193 0.726846 0.135615 0.143669
1.0 0.732049 0.394894 0.094789 0.068054
1.0 0.966046 0.365405 0.067908 0.055956
1.0 0.566476 0.490170 0.129258 0.063517
