0.0 0.088583 0.183565 0.017701 0.050446
0.0 0.884107 0.046558 0.010620 0.051593
0.0 0.649951 0.333184 0.009609 0.060764
0.0 0.873992 0.051145 0.013655 0.051593
0.0 0.112100 0.260381 0.011126 0.061911
1.0 0.290877 0.025859 0.031862 0.051717
1.0 0.526046 0.858855 0.053103 0.197198
1.0 0.351061 0.052228 0.050067 0.104457
1.0 0.868429 0.310827 0.076366 0.098600
1.0 0.243592 0.021846 0.032367 0.043692
1.0 0.282786 0.195604 0.040965 0.095160
1.0 0.311360 0.080380 0.034390 0.089427
2.0 0.333865 0.935097 0.026804 0.122676
3.0 0.904336 0.176113 0.089516 0.120382
