0.0 0.246615 0.530093 0.013021 0.039815
0.0 0.456771 0.637500 0.010417 0.041667
0.0 0.235677 0.531481 0.010937 0.040741
0.0 0.190885 0.479630 0.015104 0.038889
0.0 0.176042 0.593519 0.025000 0.027778
0.0 0.494531 0.125926 0.005729 0.025926
1.0 0.562500 0.318519 0.054167 0.055556
1.0 0.480208 0.917593 0.077083 0.162963
1.0 0.213802 0.888889 0.102604 0.168519
1.0 0.426562 0.846296 0.072917 0.150000
1.0 0.895833 0.592593 0.071875 0.074074
1.0 0.158854 0.836574 0.107292 0.162037
1.0 0.134896 0.125926 0.018750 0.033333
2.0 0.715885 0.387963 0.029687 0.035185
2.0 0.899219 0.667130 0.049479 0.037963
3.0 0.554427 0.710648 0.067187 0.139815
