0.0 0.176302 0.214352 0.010937 0.049074
0.0 0.563802 0.243519 0.009896 0.048148
0.0 0.644010 0.379167 0.011979 0.054630
0.0 0.628125 0.400000 0.006250 0.035185
0.0 0.795573 0.118981 0.010937 0.043519
0.0 0.346875 0.324074 0.008333 0.053704
0.0 0.196354 0.283333 0.007292 0.037037
0.0 0.165625 0.062037 0.008333 0.035185
1.0 0.386719 0.130556 0.029687 0.066667
1.0 0.298438 0.337963 0.034375 0.094444
2.0 0.341927 0.559259 0.019271 0.062963
2.0 0.354687 0.162500 0.009375 0.039815
3.0 0.444010 0.590278 0.101562 0.193519
