0.0 0.895833 0.217130 0.013542 0.028704
0.0 0.208594 0.235185 0.011979 0.035185
0.0 0.498698 0.304630 0.013021 0.037037
0.0 0.225781 0.241204 0.010938 0.034259
0.0 0.909115 0.268981 0.014062 0.036111
0.0 0.907552 0.215741 0.013021 0.022222
1.0 0.642969 0.206019 0.048438 0.073148
1.0 0.149219 0.378704 0.073438 0.064815
1.0 0.653646 0.470370 0.055208 0.085185
1.0 0.442188 0.642130 0.115625 0.093519
1.0 0.681250 0.226389 0.033333 0.058333
2.0 0.664583 0.167130 0.009375 0.013889
3.0 0.110677 0.288889 0.085938 0.077778
