0.0 0.503106 0.377383 0.014814 0.017043
0.0 0.206346 0.330042 0.010035 0.021778
0.0 0.471089 0.375490 0.009080 0.023671
1.0 0.480885 0.686529 0.054478 0.109834
1.0 0.678486 0.330042 0.033929 0.034087
1.0 0.599637 0.366968 0.035840 0.035980
1.0 0.160470 0.385432 0.064513 0.034087
1.0 0.695451 0.561781 0.050654 0.062965
1.0 0.651008 0.367679 0.047787 0.054443
1.0 0.778840 0.324833 0.038708 0.035980
1.0 0.731769 0.459522 0.045876 0.058231
1.0 0.628070 0.330042 0.039186 0.037874
1.0 0.268469 0.461179 0.063558 0.039768
1.0 0.621381 0.540004 0.080283 0.097052
1.0 0.699513 0.298085 0.030107 0.027932
2.0 0.101213 0.365785 0.021505 0.019410
