0.0 0.795313 0.626389 0.013542 0.045370
0.0 0.558854 0.703241 0.012500 0.039815
0.0 0.342187 0.600926 0.013542 0.042593
0.0 0.285937 0.560185 0.010417 0.040741
0.0 0.650521 0.810648 0.023958 0.037963
0.0 0.824740 0.293056 0.013021 0.034259
1.0 0.465885 0.367130 0.059896 0.056481
1.0 0.372135 0.225926 0.006771 0.020370
1.0 0.730990 0.448148 0.070312 0.068519
1.0 0.173438 0.211111 0.037500 0.040741
1.0 0.384115 0.404167 0.029688 0.073148
1.0 0.429688 0.255556 0.039583 0.046296
3.0 0.319271 0.212500 0.113542 0.119444
3.0 0.362240 0.301389 0.067187 0.076852
