0.0 0.232812 0.399074 0.008333 0.022222
0.0 0.436979 0.368981 0.006250 0.032407
0.0 0.727865 0.565278 0.015104 0.039815
0.0 0.638802 0.468056 0.004687 0.021296
0.0 0.311198 0.408333 0.008854 0.035185
0.0 0.298698 0.425463 0.011979 0.034259
1.0 0.417708 0.308333 0.029167 0.048148
1.0 0.508594 0.527778 0.059896 0.092593
1.0 0.285156 0.217593 0.020312 0.031481
2.0 0.307552 0.339352 0.009896 0.028704
2.0 0.386979 0.331944 0.009375 0.026852
2.0 0.520312 0.684259 0.017708 0.066667
3.0 0.339062 0.297222 0.035417 0.068519
3.0 0.355729 0.581944 0.082292 0.215741
