0.0 0.078906 0.249074 0.017188 0.033333
0.0 0.902604 0.130093 0.012500 0.041667
0.0 0.666927 0.389815 0.011979 0.055556
0.0 0.894271 0.134722 0.013542 0.041667
0.0 0.105208 0.318056 0.014583 0.050926
1.0 0.284635 0.109722 0.032813 0.056481
1.0 0.543229 0.687500 0.060417 0.137963
1.0 0.346615 0.135185 0.051562 0.090741
1.0 0.879427 0.347222 0.078646 0.079630
1.0 0.229688 0.087037 0.031250 0.044444
1.0 0.267188 0.221296 0.040625 0.070370
1.0 0.305729 0.161111 0.035417 0.072222
2.0 0.323698 0.087500 0.009896 0.017593
2.0 0.308333 0.747222 0.025000 0.085185
3.0 0.916406 0.238426 0.092188 0.097222
