0.0 0.798958 0.440741 0.011458 0.040741
0.0 0.352865 0.545370 0.009896 0.038889
0.0 0.795313 0.500463 0.010417 0.043519
0.0 0.797917 0.618519 0.014583 0.044444
1.0 0.413542 0.249537 0.025000 0.034259
1.0 0.232813 0.243056 0.051042 0.041667
1.0 0.285417 0.228704 0.051042 0.046296
1.0 0.354167 0.308796 0.041667 0.049074
1.0 0.282813 0.761574 0.081250 0.134259
1.0 0.235938 0.167593 0.039583 0.038889
1.0 0.229167 0.201852 0.042708 0.038889
1.0 0.321615 0.201389 0.054688 0.060185
3.0 0.918750 0.509722 0.162500 0.206481
3.0 0.159115 0.191667 0.041146 0.062963
