0.0 0.294792 0.485185 0.017708 0.042593
0.0 0.267448 0.050463 0.009896 0.041667
0.0 0.728906 0.545370 0.016146 0.042593
0.0 0.248437 0.330093 0.011458 0.047222
0.0 0.872656 0.936111 0.023438 0.046296
1.0 0.476302 0.164352 0.028646 0.086111
1.0 0.482031 0.282407 0.031771 0.092593
1.0 0.427083 0.793056 0.044792 0.147222
1.0 0.520052 0.102315 0.029687 0.078704
1.0 0.561979 0.488426 0.053125 0.110185
3.0 0.583073 0.138889 0.076563 0.224074
3.0 0.427083 0.381944 0.045833 0.139815
3.0 0.492448 0.446759 0.043229 0.184259
