0.0 0.948958 0.387500 0.016667 0.034259
0.0 0.614844 0.768519 0.006771 0.025926
0.0 0.279167 0.393981 0.008333 0.036111
0.0 0.337240 0.537963 0.007812 0.040741
0.0 0.267188 0.070833 0.007292 0.025000
1.0 0.510938 0.624537 0.033333 0.063889
1.0 0.479687 0.917593 0.077083 0.162963
1.0 0.263542 0.663889 0.080208 0.118519
1.0 0.636979 0.512500 0.065625 0.060185
2.0 0.143490 0.130556 0.018229 0.022222
2.0 0.899219 0.667130 0.049479 0.037963
3.0 0.314063 0.683796 0.098958 0.167593
3.0 0.554167 0.709722 0.066667 0.139815
