0.0 0.829167 0.381944 0.013542 0.039815
0.0 0.060156 0.185185 0.009896 0.024074
0.0 0.342708 0.318056 0.007292 0.037963
0.0 0.110937 0.896296 0.026042 0.057407
0.0 0.345313 0.308796 0.015625 0.032407
1.0 0.677344 0.221759 0.029687 0.052778
1.0 0.435417 0.551852 0.023958 0.075926
1.0 0.731771 0.167130 0.026042 0.041667
1.0 0.704687 0.129167 0.020833 0.037963
1.0 0.718490 0.053241 0.017188 0.030556
1.0 0.188021 0.352315 0.061458 0.060185
1.0 0.680208 0.747685 0.051042 0.128704
1.0 0.518490 0.813889 0.065104 0.175926
1.0 0.657813 0.282870 0.032292 0.062037
1.0 0.710417 0.569907 0.029167 0.062037
1.0 0.123438 0.086574 0.042708 0.034259
1.0 0.713542 0.095833 0.020833 0.036111
1.0 0.640365 0.206944 0.026563 0.049074
1.0 0.675260 0.116204 0.024479 0.037963
1.0 0.692448 0.170833 0.028646 0.047222
1.0 0.114583 0.316667 0.063542 0.048148
1.0 0.617708 0.260185 0.038542 0.079630
2.0 0.101042 0.547685 0.034375 0.043519
