0.0 0.842651 0.352782 0.018522 0.063360
0.0 0.855247 0.254015 0.017040 0.064602
0.0 0.104746 0.629825 0.022967 0.060875
0.0 0.855247 0.146551 0.014077 0.060875
0.0 0.032142 0.781392 0.031858 0.063360
1.0 0.530375 0.113629 0.042970 0.124236
1.0 0.506667 0.560253 0.056305 0.180140
1.0 0.604463 0.373902 0.048897 0.122993
1.0 0.457030 0.104312 0.047415 0.120508
1.0 0.161794 0.836677 0.126689 0.156537
1.0 0.718556 0.902809 0.075569 0.194382
3.0 0.381831 0.082904 0.108908 0.165808
3.0 0.632986 0.049360 0.052601 0.098721
3.0 0.479256 0.905294 0.084459 0.189412
