0.0 0.891024 0.177669 0.009343 0.037921
0.0 0.176025 0.209796 0.012640 0.028441
0.0 0.188389 0.222963 0.010992 0.040028
0.0 0.591229 0.110779 0.008793 0.022120
0.0 0.277970 0.256144 0.013190 0.030548
1.0 0.704443 0.123419 0.028578 0.051615
1.0 0.522258 0.686447 0.101672 0.120085
1.0 0.075727 0.098139 0.048362 0.038974
1.0 0.221364 0.359902 0.067049 0.071629
1.0 0.679987 0.209269 0.031325 0.063203
1.0 0.761599 0.016152 0.016487 0.032303
1.0 0.677789 0.082338 0.023632 0.045295
1.0 0.100457 0.028616 0.041768 0.043188
1.0 0.728349 0.030196 0.022532 0.042135
1.0 0.124364 0.039676 0.047813 0.037921
1.0 0.139752 0.316714 0.069796 0.056882
1.0 0.639867 0.183988 0.037920 0.082163
1.0 0.792100 0.068644 0.022532 0.038974
