0.0 0.934891 0.142332 0.015052 0.039631
0.0 0.162139 0.140846 0.012364 0.046567
0.0 0.468552 0.252308 0.014515 0.049538
0.0 0.183642 0.149763 0.011288 0.046567
0.0 0.945374 0.210696 0.016665 0.049538
0.0 0.953169 0.109637 0.015052 0.027742
1.0 0.735186 0.045237 0.031716 0.055483
1.0 0.658313 0.109637 0.053219 0.097096
1.0 0.108383 0.336523 0.081173 0.085207
1.0 0.695674 0.373181 0.049456 0.097096
1.0 0.516665 0.648120 0.118264 0.129791
1.0 0.700513 0.137378 0.036555 0.077280
2.0 0.681966 0.058612 0.010214 0.018825
3.0 0.070216 0.220108 0.095150 0.104031
