0.0 0.551077 0.368724 0.005068 0.029690
0.0 0.657899 0.296246 0.005868 0.027943
0.0 0.610290 0.433634 0.007735 0.019793
0.0 0.453857 0.237448 0.003734 0.023286
0.0 0.601221 0.451099 0.005068 0.034930
0.0 0.660967 0.293917 0.006135 0.027943
0.0 0.678170 0.295955 0.006401 0.027362
1.0 0.578149 0.429268 0.043209 0.048319
1.0 0.364905 0.412094 0.023738 0.058216
1.0 0.344768 0.282565 0.022938 0.050648
1.0 0.696040 0.356207 0.040008 0.038422
1.0 0.352903 0.343691 0.013069 0.032019
2.0 0.492131 0.608281 0.014670 0.052394
