0.0 0.131674 0.377022 0.026041 0.026575
0.0 0.151348 0.349882 0.024883 0.026575
0.0 0.073805 0.260829 0.026041 0.032794
0.0 0.432296 0.250652 0.012730 0.033925
1.0 0.373270 0.405858 0.057867 0.102341
1.0 0.535588 0.751328 0.054974 0.106864
1.0 0.447340 0.577745 0.053238 0.127218
1.0 0.267951 0.582268 0.063655 0.121564
1.0 0.295149 0.382110 0.061339 0.101210
1.0 0.537035 0.571525 0.050923 0.113649
2.0 0.461807 0.268462 0.017360 0.041276
3.0 0.658268 0.662275 0.134831 0.284970
3.0 0.559314 0.242736 0.113999 0.096121
