0.0 0.364518 0.295209 0.013118 0.035368
0.0 0.226096 0.588419 0.015832 0.071876
0.0 0.155754 0.664859 0.018999 0.076440
0.0 0.160504 0.774956 0.025784 0.082145
0.0 0.331270 0.168570 0.009047 0.055904
0.0 0.340090 0.166859 0.006785 0.057044
1.0 0.229489 0.361952 0.074187 0.095836
1.0 0.338508 0.457217 0.076901 0.108385
1.0 0.251202 0.280377 0.052474 0.078722
1.0 0.178598 0.223903 0.061068 0.082145
1.0 0.347102 0.351113 0.072377 0.101539
1.0 0.154849 0.296920 0.055188 0.084427
1.0 0.536867 0.436680 0.085496 0.119794
2.0 0.122506 0.176556 0.020357 0.046777
