0.0 0.420808 0.312648 0.012029 0.045744
0.0 0.264095 0.683946 0.014703 0.070075
0.0 0.361330 0.198290 0.008688 0.046716
0.0 0.395747 0.224081 0.006683 0.047689
1.0 0.304693 0.386616 0.055134 0.082727
1.0 0.480954 0.480049 0.062819 0.088566
1.0 0.335434 0.330167 0.039763 0.069102
1.0 0.262591 0.264472 0.045109 0.070075
1.0 0.693636 0.149628 0.020383 0.056449
1.0 0.459402 0.872631 0.077855 0.254739
1.0 0.703160 0.071767 0.019380 0.052556
1.0 0.463411 0.373964 0.053797 0.086619
1.0 0.245048 0.326760 0.040766 0.072022
1.0 0.661893 0.130649 0.029739 0.084674
1.0 0.579693 0.350118 0.041768 0.103165
2.0 0.221157 0.224081 0.015037 0.039904
