0.0 0.279687 0.544907 0.011458 0.039815
0.0 0.490365 0.642593 0.006771 0.042593
0.0 0.268490 0.549074 0.010937 0.038889
0.0 0.220052 0.439815 0.014063 0.040741
0.0 0.083854 0.676852 0.022917 0.048148
0.0 0.217448 0.551389 0.022396 0.026852
0.0 0.516927 0.137500 0.004687 0.028704
1.0 0.641667 0.355093 0.058333 0.060185
1.0 0.480208 0.917593 0.077083 0.162963
1.0 0.213802 0.888889 0.102604 0.168519
1.0 0.426562 0.846296 0.072917 0.150000
1.0 0.779167 0.531481 0.062500 0.066667
1.0 0.158854 0.836574 0.107292 0.162037
1.0 0.174740 0.139352 0.034896 0.036111
2.0 0.811198 0.432407 0.033854 0.037037
2.0 0.899219 0.667130 0.049479 0.037963
3.0 0.554427 0.710648 0.067187 0.139815
3.0 0.941146 0.600463 0.117708 0.125000
