0 0.458333 0.271759 0.018750 0.039815
0 0.211719 0.182407 0.011979 0.044444
0 0.431250 0.255093 0.007292 0.047222
1 0.407813 0.560185 0.089583 0.127778
1 0.666146 0.246296 0.042708 0.079630
1 0.521615 0.348611 0.061979 0.076852
1 0.129948 0.275926 0.070312 0.066667
1 0.753906 0.412963 0.044271 0.087037
1 0.619271 0.366204 0.063542 0.134259
1 0.818490 0.081481 0.036979 0.061111
1 0.780990 0.277315 0.041146 0.082407
1 0.604948 0.246759 0.049479 0.087963
1 0.132812 0.353704 0.064583 0.070370
1 0.686979 0.381481 0.067708 0.131481
1 0.695052 0.167593 0.036979 0.064815
2 0.065365 0.237500 0.023438 0.037963