0 0.864323 0.125926 0.005729 0.027778
0 0.254427 0.270833 0.013021 0.026852
0 0.133333 0.217130 0.009375 0.032407
0 0.575260 0.183796 0.008854 0.028704
0 0.421094 0.333796 0.013021 0.030556
1 0.085938 0.542593 0.085417 0.087037
1 0.563021 0.598611 0.058333 0.125000
1 0.777083 0.082407 0.020833 0.031481
1 0.453906 0.440741 0.069271 0.066667
1 0.715625 0.090278 0.020833 0.034259
1 0.751042 0.290278 0.027083 0.049074
1 0.121354 0.085648 0.039583 0.037963
1 0.144010 0.095370 0.045312 0.033333
1 0.240885 0.380093 0.071354 0.054630
1 0.691406 0.050463 0.020313 0.045370
1 0.736198 0.385648 0.035937 0.071296