0.0 0.862728 0.299256 0.014747 0.048477
0.0 0.590385 0.240835 0.006660 0.065879
0.0 0.183653 0.639837 0.019028 0.070851
0.0 0.314236 0.429771 0.008087 0.045990
0.0 0.756883 0.315415 0.011417 0.070851
0.0 0.767111 0.347111 0.019504 0.067122
1.0 0.608462 0.123372 0.040911 0.099439
1.0 0.475739 0.524239 0.079919 0.177748
2.0 0.764019 0.157554 0.013320 0.055935
2.0 0.650087 0.175578 0.012845 0.054692
2.0 0.466938 0.816342 0.023310 0.128028
3.0 0.721681 0.074274 0.047571 0.135487
3.0 0.701939 0.623057 0.108938 0.415160
