0.0 0.280469 0.735648 0.014063 0.043519
0.0 0.196354 0.602778 0.013542 0.044444
0.0 0.421615 0.714352 0.015104 0.043519
0.0 0.639844 0.606481 0.014063 0.038889
0.0 0.700260 0.564352 0.009896 0.039815
0.0 0.354427 0.842593 0.020313 0.051852
0.0 0.156250 0.302778 0.012500 0.033333
1.0 0.533594 0.367130 0.059896 0.056481
1.0 0.604167 0.237037 0.006250 0.020370
1.0 0.224740 0.469907 0.074479 0.073148
1.0 0.842187 0.200463 0.028125 0.037963
1.0 0.613281 0.381481 0.027604 0.070370
1.0 0.542188 0.269444 0.041667 0.048148
3.0 0.658854 0.229167 0.115625 0.132407
3.0 0.665625 0.286574 0.065625 0.075000
