0.0 0.036694 0.228969 0.017716 0.027298
0.0 0.077517 0.246517 0.016175 0.037047
0.0 0.631328 0.133913 0.011553 0.020473
0.0 0.175339 0.270403 0.017716 0.028273
1.0 0.783067 0.159261 0.040823 0.047771
1.0 0.587809 0.644290 0.135565 0.111143
1.0 0.109481 0.370334 0.093971 0.066295
1.0 0.752258 0.230918 0.043904 0.058496
1.0 0.865100 0.041782 0.024649 0.029248
1.0 0.742629 0.126113 0.033892 0.043872
1.0 0.816574 0.076392 0.035431 0.039972
1.0 0.022006 0.330362 0.044011 0.052646
1.0 0.696029 0.207520 0.053147 0.076044
1.0 0.910930 0.089066 0.030041 0.036072
