0.0 0.816667 0.377778 0.022917 0.035185
0.0 0.076823 0.768519 0.030729 0.064815
0.0 0.782292 0.370833 0.014583 0.050926
1.0 0.086979 0.325463 0.062500 0.067593
1.0 0.823958 0.052778 0.029167 0.044444
1.0 0.671354 0.098148 0.030208 0.053704
1.0 0.204948 0.311574 0.102604 0.097222
1.0 0.480729 0.369444 0.085417 0.085185
1.0 0.730208 0.061574 0.036458 0.073148
1.0 0.191927 0.387963 0.072396 0.081481
1.0 0.063802 0.241204 0.070312 0.058333
2.0 0.346354 0.380556 0.030208 0.038889
3.0 0.757031 0.129630 0.047396 0.090741
