0 0.173437 0.438426 0.011458 0.037963
0 0.338802 0.860648 0.008854 0.030556
0 0.722656 0.522222 0.013021 0.040741
0 0.647917 0.551852 0.009375 0.042593
0 0.629687 0.080093 0.004167 0.025000
1 0.564323 0.486574 0.053646 0.075000
1 0.751042 0.174074 0.042708 0.040741
1 0.519792 0.917593 0.077083 0.162963
1 0.678125 0.346296 0.048958 0.057407
1 0.573438 0.846296 0.072917 0.150000
2 0.670833 0.209722 0.019792 0.026852
2 0.100781 0.667130 0.049479 0.037963
3 0.316927 0.414815 0.078646 0.094444
3 0.445573 0.710648 0.067187 0.139815