0.0 0.221615 0.439352 0.015104 0.032407
0.0 0.208073 0.389352 0.014063 0.032407
0.0 0.819531 0.563889 0.023438 0.033333
0.0 0.205208 0.330556 0.013542 0.031481
0.0 0.899479 0.677778 0.023958 0.033333
0.0 0.616406 0.192130 0.007812 0.028704
1.0 0.474479 0.300463 0.035417 0.063889
1.0 0.489844 0.479167 0.044271 0.084259
1.0 0.413802 0.480093 0.042187 0.069444
1.0 0.535156 0.295833 0.039062 0.062037
1.0 0.722396 0.646759 0.102083 0.086111
1.0 0.312240 0.787500 0.067188 0.113889
3.0 0.597656 0.249537 0.090104 0.154630
3.0 0.839323 0.803241 0.139062 0.082407
3.0 0.509896 0.675926 0.064583 0.174074
