0.0 0.155208 0.385648 0.023958 0.037963
0.0 0.184635 0.380556 0.017188 0.051852
1.0 0.516146 0.754630 0.087500 0.196296
1.0 0.841146 0.369444 0.065625 0.072222
1.0 0.185677 0.101389 0.031771 0.050926
1.0 0.307292 0.050463 0.027083 0.047222
1.0 0.716667 0.354630 0.108333 0.103704
1.0 0.925000 0.318981 0.076042 0.076852
1.0 0.452344 0.328704 0.072396 0.090741
1.0 0.721094 0.439352 0.070312 0.086111
1.0 0.873438 0.275000 0.073958 0.062963
2.0 0.559115 0.379167 0.031771 0.039815
3.0 0.261719 0.198148 0.053646 0.103704
