0.0 0.631110 0.556949 0.011997 0.035647
0.0 0.498714 0.640416 0.004284 0.040865
0.0 0.642250 0.584772 0.011140 0.039126
0.0 0.686167 0.393058 0.008141 0.034778
0.0 0.774216 0.586945 0.016282 0.041733
0.0 0.682096 0.551298 0.017995 0.033039
0.0 0.453940 0.177869 0.004713 0.026953
1.0 0.256848 0.430879 0.055271 0.063470
1.0 0.159373 0.594770 0.078837 0.079989
1.0 0.792426 0.153090 0.027850 0.031300
1.0 0.516282 0.892122 0.063412 0.153023
1.0 0.735440 0.865169 0.084407 0.158240
1.0 0.560414 0.825174 0.059985 0.140851
1.0 0.409809 0.445660 0.044132 0.054775
1.0 0.780643 0.816045 0.088263 0.152154
1.0 0.703734 0.193954 0.029563 0.036517
2.0 0.171583 0.656936 0.040704 0.035647
3.0 0.455226 0.697800 0.055271 0.131287
3.0 0.294124 0.501739 0.078408 0.100856
