0.0 0.575260 0.603241 0.013021 0.049074
0.0 0.487500 0.262500 0.010417 0.041667
1.0 0.280208 0.077778 0.018750 0.037037
1.0 0.242188 0.775463 0.088542 0.252778
1.0 0.259115 0.150000 0.030729 0.050000
1.0 0.747135 0.405556 0.068229 0.061111
1.0 0.353906 0.087037 0.027604 0.059259
1.0 0.687240 0.817593 0.136979 0.118519
1.0 0.662500 0.700463 0.112500 0.086111
1.0 0.890365 0.471296 0.092188 0.066667
2.0 0.638021 0.405093 0.036458 0.036111
2.0 0.442448 0.474537 0.028646 0.037963
3.0 0.309375 0.347222 0.048958 0.150000
