0.0 0.106510 0.357407 0.019271 0.046296
0.0 0.940885 0.107407 0.013021 0.035185
0.0 0.132812 0.375000 0.017708 0.053704
1.0 0.374740 0.359259 0.051563 0.101852
1.0 0.792188 0.397685 0.067708 0.075000
1.0 0.217187 0.262963 0.041667 0.074074
1.0 0.498437 0.354630 0.113542 0.118519
1.0 0.879167 0.346296 0.079167 0.079630
1.0 0.377083 0.205556 0.043750 0.077778
1.0 0.519010 0.462037 0.078646 0.081481
1.0 0.746094 0.343519 0.081771 0.072222
2.0 0.409375 0.282407 0.015625 0.038889
2.0 0.212760 0.170370 0.013021 0.040741
3.0 0.329167 0.443056 0.077083 0.160185
3.0 0.915885 0.237963 0.092188 0.096296
