0.0 0.178646 0.406481 0.011458 0.042593
0.0 0.642708 0.334259 0.007292 0.038889
0.0 0.844792 0.816204 0.022917 0.060185
0.0 0.369010 0.078241 0.001563 0.012037
0.0 0.634115 0.317130 0.015104 0.032407
1.0 0.332813 0.257407 0.033333 0.059259
1.0 0.660937 0.494907 0.055208 0.063889
1.0 0.260417 0.132870 0.025000 0.036111
1.0 0.310417 0.068056 0.017708 0.032407
1.0 0.302344 0.153704 0.021354 0.040741
1.0 0.280990 0.070833 0.018229 0.032407
1.0 0.857812 0.329630 0.059375 0.057407
1.0 0.296615 0.602778 0.044271 0.100000
1.0 0.507292 0.685185 0.073958 0.140741
1.0 0.274219 0.466204 0.025521 0.052778
1.0 0.876042 0.086574 0.042708 0.034259
1.0 0.291406 0.118519 0.022396 0.038889
1.0 0.372135 0.242130 0.028646 0.052778
1.0 0.335417 0.145833 0.026042 0.041667
1.0 0.315885 0.200926 0.030729 0.051852
1.0 0.932813 0.292593 0.061458 0.046296
1.0 0.398438 0.281481 0.042708 0.044444
2.0 0.898438 0.547685 0.034375 0.043519
