0.0 0.789583 0.570370 0.015625 0.040741
0.0 0.780469 0.693056 0.014062 0.043519
0.0 0.116667 0.641667 0.020833 0.048148
0.0 0.608333 0.743056 0.017708 0.041667
0.0 0.491667 0.676852 0.011458 0.044444
1.0 0.154167 0.193519 0.026042 0.035185
1.0 0.179688 0.800926 0.102083 0.155556
1.0 0.777865 0.425463 0.017188 0.026852
1.0 0.234115 0.851389 0.092188 0.156481
1.0 0.843490 0.632407 0.095313 0.088889
1.0 0.572917 0.539352 0.070833 0.087963
3.0 0.866667 0.475000 0.187500 0.196296
3.0 0.723958 0.490741 0.098958 0.098148
