0.0 0.829167 0.593519 0.014583 0.046296
0.0 0.174740 0.454630 0.011979 0.038889
0.0 0.591667 0.609722 0.010417 0.039815
0.0 0.822917 0.600000 0.014583 0.044444
0.0 0.869792 0.566204 0.019792 0.045370
0.0 0.912240 0.700926 0.029688 0.031481
0.0 0.547917 0.106019 0.005208 0.026852
1.0 0.240104 0.409722 0.056250 0.062037
1.0 0.566667 0.257870 0.048958 0.049074
1.0 0.519792 0.917593 0.077083 0.162963
1.0 0.786198 0.926389 0.102604 0.093519
1.0 0.573438 0.845370 0.072917 0.150000
1.0 0.850000 0.850463 0.109375 0.167593
2.0 0.438542 0.317130 0.023958 0.032407
2.0 0.100260 0.667130 0.049479 0.037963
3.0 0.445312 0.709722 0.066667 0.139815
