0.0 0.105729 0.352778 0.018750 0.042593
0.0 0.939583 0.109259 0.011458 0.037037
0.0 0.133073 0.375000 0.017188 0.053704
1.0 0.365365 0.334259 0.049479 0.096296
1.0 0.792708 0.398611 0.067708 0.075000
1.0 0.221615 0.284722 0.042188 0.078704
1.0 0.482552 0.345833 0.109896 0.121296
1.0 0.879427 0.347222 0.078646 0.079630
1.0 0.372917 0.195833 0.042708 0.076852
1.0 0.488021 0.457407 0.078125 0.103704
1.0 0.722396 0.357407 0.083333 0.074074
2.0 0.402604 0.272222 0.012500 0.038889
2.0 0.210677 0.189352 0.013021 0.041667
3.0 0.339063 0.479630 0.080208 0.168519
3.0 0.916406 0.238426 0.092188 0.097222
