0.0 0.890516 0.140726 0.013302 0.035006
0.0 0.231817 0.181260 0.009976 0.044218
0.0 0.528268 0.272460 0.005226 0.047903
0.0 0.242506 0.185865 0.010451 0.044218
0.0 0.907382 0.201066 0.013777 0.043298
0.0 0.896454 0.167442 0.014728 0.025794
1.0 0.639911 0.137041 0.047032 0.090279
1.0 0.196186 0.376097 0.073637 0.083830
1.0 0.590265 0.568630 0.079814 0.113310
1.0 0.342273 0.692074 0.118770 0.096727
1.0 0.677205 0.162835 0.032306 0.071855
1.0 0.168156 0.926523 0.069837 0.140025
2.0 0.660815 0.089599 0.009027 0.017503
3.0 0.120173 0.239757 0.084090 0.096727
