0.0 0.358333 0.390741 0.020833 0.033333
0.0 0.206510 0.479630 0.017188 0.037037
0.0 0.211719 0.505093 0.016146 0.041667
0.0 0.228385 0.526852 0.019271 0.042593
0.0 0.397656 0.319444 0.007812 0.033333
0.0 0.234635 0.275463 0.011979 0.032407
1.0 0.180208 0.417593 0.087500 0.057407
1.0 0.290104 0.459259 0.089583 0.050000
1.0 0.205990 0.368981 0.061979 0.047222
1.0 0.120052 0.334722 0.072396 0.049074
1.0 0.204427 0.812500 0.091146 0.106481
1.0 0.298438 0.404630 0.082292 0.061111
1.0 0.091927 0.378704 0.065104 0.050000
1.0 0.441927 0.490741 0.111979 0.057407
2.0 0.053646 0.306481 0.023958 0.027778
