0.0 0.351562 0.292130 0.022917 0.058333
0.0 0.189844 0.499537 0.018229 0.082407
0.0 0.179427 0.539815 0.019271 0.085185
0.0 0.174479 0.608796 0.019792 0.084259
0.0 0.354688 0.153241 0.012500 0.063889
0.0 0.250521 0.097685 0.012500 0.050926
1.0 0.160677 0.343056 0.093229 0.108333
1.0 0.277344 0.435648 0.095313 0.119444
1.0 0.187760 0.250926 0.066146 0.088889
1.0 0.096615 0.187037 0.076562 0.092593
1.0 0.093490 0.877315 0.134896 0.234259
1.0 0.285938 0.319907 0.087500 0.115741
1.0 0.066927 0.269444 0.069271 0.096296
1.0 0.438542 0.482870 0.118750 0.108333
2.0 0.026302 0.132870 0.025521 0.052778
