0.0 0.125260 0.377315 0.015104 0.047222
0.0 0.378385 0.312500 0.010937 0.049074
0.0 0.908073 0.718519 0.029687 0.064815
0.0 0.705990 0.405556 0.006771 0.031481
0.0 0.217969 0.347685 0.009896 0.021296
0.0 0.265625 0.347222 0.011458 0.044444
1.0 0.434896 0.316667 0.067708 0.085185
1.0 0.310937 0.742593 0.073958 0.192593
1.0 0.665885 0.390278 0.094271 0.076852
2.0 0.199479 0.169444 0.013542 0.037037
2.0 0.384635 0.394907 0.018229 0.052778
2.0 0.639844 0.499537 0.034896 0.054630
3.0 0.233594 0.097222 0.044271 0.083333
3.0 0.255469 0.469444 0.103646 0.257407
