0.0 0.266146 0.581944 0.017708 0.056481
0.0 0.500260 0.719907 0.009896 0.062037
0.0 0.250000 0.608796 0.016667 0.062037
0.0 0.185938 0.358796 0.013542 0.058333
0.0 0.035417 0.683796 0.027083 0.067593
0.0 0.188802 0.560185 0.027604 0.051852
1.0 0.800781 0.349074 0.080729 0.096296
1.0 0.406510 0.951852 0.092187 0.096296
1.0 0.711198 0.458333 0.071354 0.090741
1.0 0.067448 0.940278 0.134896 0.119444
1.0 0.150260 0.011574 0.044271 0.023148
2.0 0.987500 0.748611 0.025000 0.056481
3.0 0.568750 0.813426 0.085417 0.208333
3.0 0.904167 0.554630 0.130208 0.168519
