0.0 0.810677 0.235185 0.021354 0.038889
0.0 0.789844 0.184259 0.020313 0.042593
0.0 0.869531 0.053704 0.023438 0.050000
0.0 0.561198 0.091667 0.013021 0.055556
1.0 0.604427 0.151389 0.048438 0.156481
1.0 0.467969 0.911574 0.049479 0.175000
1.0 0.547396 0.627315 0.047917 0.208333
1.0 0.692448 0.405093 0.052604 0.180556
1.0 0.670833 0.117130 0.051042 0.154630
1.0 0.466667 0.617130 0.045833 0.186111
1.0 0.526562 0.051852 0.051042 0.103704
2.0 0.538021 0.262500 0.016667 0.069444
3.0 0.357552 0.765741 0.121354 0.466667
3.0 0.458594 0.135648 0.085938 0.271296
