0.0 0.370833 0.284722 0.018750 0.058333
0.0 0.228906 0.512963 0.016146 0.085185
0.0 0.209375 0.569907 0.020833 0.087963
0.0 0.199219 0.659259 0.021354 0.094444
0.0 0.359635 0.131481 0.010937 0.066667
0.0 0.293229 0.087500 0.011458 0.063889
1.0 0.203125 0.338426 0.081250 0.112037
1.0 0.305208 0.433333 0.083333 0.124074
1.0 0.227083 0.243056 0.057292 0.091667
1.0 0.147656 0.176852 0.067187 0.096296
1.0 0.092188 0.812963 0.112500 0.224074
1.0 0.312760 0.313889 0.076562 0.120370
1.0 0.121354 0.262037 0.060417 0.098148
1.0 0.446354 0.481944 0.104167 0.112037
2.0 0.086198 0.121759 0.022396 0.054630
