0.0 0.709115 0.109259 0.007812 0.027778
0.0 0.161198 0.360185 0.013021 0.038889
0.0 0.824219 0.530556 0.013021 0.024074
1.0 0.167969 0.560648 0.069271 0.073148
1.0 0.060417 0.687037 0.106250 0.094444
1.0 0.718490 0.187963 0.047396 0.042593
1.0 0.216667 0.606481 0.090625 0.074074
1.0 0.786198 0.895833 0.108854 0.184259
2.0 0.368750 0.627315 0.034375 0.041667
2.0 0.255990 0.454630 0.034896 0.033333
3.0 0.545312 0.918981 0.113542 0.158333
3.0 0.247396 0.394907 0.122917 0.112037
3.0 0.323438 0.492593 0.096875 0.083333
