0.0 0.165885 0.307407 0.024479 0.048148
0.0 0.184115 0.266204 0.022396 0.049074
0.0 0.114062 0.112500 0.023958 0.043519
0.0 0.439063 0.091667 0.012500 0.055556
1.0 0.384635 0.365741 0.052604 0.168519
1.0 0.531510 0.910648 0.049479 0.175000
1.0 0.452344 0.627315 0.048438 0.208333
1.0 0.289062 0.657407 0.058333 0.201852
1.0 0.314323 0.332870 0.055729 0.154630
1.0 0.532813 0.617130 0.045833 0.186111
2.0 0.465365 0.098148 0.016146 0.042593
3.0 0.642448 0.765741 0.121354 0.466667
3.0 0.555208 0.074074 0.101042 0.148148
3.0 0.331250 0.052315 0.050000 0.104630
