0.0 0.172656 0.432407 0.011979 0.037037
0.0 0.340104 0.842593 0.008333 0.029630
0.0 0.727865 0.518056 0.011979 0.039815
0.0 0.647917 0.551852 0.009375 0.042593
0.0 0.633073 0.079630 0.005729 0.025926
1.0 0.572656 0.499074 0.054688 0.077778
1.0 0.756510 0.171296 0.043229 0.040741
1.0 0.519792 0.917593 0.077083 0.162963
1.0 0.671615 0.353704 0.047396 0.059259
1.0 0.573438 0.846296 0.072917 0.150000
2.0 0.676562 0.207407 0.019792 0.027778
2.0 0.100781 0.667130 0.049479 0.037963
3.0 0.329167 0.411574 0.077083 0.089815
3.0 0.445573 0.710648 0.067187 0.139815
