0.0 0.264844 0.426389 0.011979 0.049074
0.0 0.251302 0.353704 0.011979 0.048148
0.0 0.764844 0.581481 0.019271 0.044444
0.0 0.249479 0.263889 0.010417 0.046296
0.0 0.841406 0.777778 0.022396 0.048148
0.0 0.599740 0.056944 0.006771 0.039815
1.0 0.478646 0.212037 0.030208 0.092593
1.0 0.490365 0.450000 0.036979 0.118519
1.0 0.426823 0.493056 0.036979 0.102778
1.0 0.530208 0.205093 0.033333 0.089815
1.0 0.679427 0.702315 0.085938 0.123148
1.0 0.339844 0.934259 0.056771 0.129630
3.0 0.583073 0.138889 0.076563 0.224074
3.0 0.768490 0.943056 0.117188 0.112037
3.0 0.419010 0.202778 0.039062 0.111111
3.0 0.507031 0.723611 0.053646 0.243519
