0.0 0.933073 0.098611 0.011979 0.034259
0.0 0.205208 0.179167 0.011458 0.043519
0.0 0.629167 0.305556 0.010417 0.050000
0.0 0.241146 0.194907 0.012500 0.045370
0.0 0.948438 0.217593 0.016667 0.027778
1.0 0.653385 0.135185 0.051562 0.090741
1.0 0.389583 0.486574 0.094792 0.087963
1.0 0.245573 0.681481 0.113021 0.107407
1.0 0.078646 0.562500 0.104167 0.113889
1.0 0.129948 0.871296 0.076563 0.198148
1.0 0.694271 0.161111 0.035417 0.072222
2.0 0.676302 0.087500 0.009896 0.017593
3.0 0.168750 0.284259 0.095833 0.103704
