0.0 0.858594 0.254167 0.007812 0.017593
0.0 0.286198 0.365741 0.013021 0.016667
0.0 0.102344 0.314352 0.010938 0.019444
0.0 0.588281 0.287037 0.008854 0.016667
0.0 0.457813 0.395833 0.011458 0.019444
1.0 0.081250 0.525926 0.086458 0.053704
1.0 0.610677 0.463889 0.047396 0.059259
1.0 0.778906 0.265278 0.022396 0.021296
1.0 0.555208 0.431019 0.059375 0.049074
1.0 0.721094 0.221296 0.017188 0.018519
1.0 0.739062 0.428241 0.032292 0.037963
1.0 0.116927 0.241204 0.040104 0.023148
1.0 0.140104 0.247222 0.045833 0.020370
1.0 0.342448 0.456944 0.078646 0.037963
1.0 0.717969 0.494444 0.043229 0.029630
