0.0 0.393229 0.309259 0.015625 0.042593
0.0 0.137760 0.701852 0.026562 0.064815
0.0 0.282813 0.216667 0.008333 0.037037
0.0 0.359635 0.248611 0.010937 0.045370
1.0 0.236979 0.408796 0.082292 0.080556
1.0 0.523177 0.458796 0.086979 0.091667
1.0 0.286979 0.357870 0.059375 0.065741
1.0 0.151302 0.279630 0.066146 0.064815
1.0 0.778385 0.202778 0.031771 0.055556
1.0 0.480990 0.747222 0.099479 0.237037
1.0 0.793490 0.122685 0.029687 0.050926
1.0 0.479688 0.371296 0.078125 0.083333
1.0 0.125260 0.337500 0.059896 0.067593
1.0 0.729688 0.183333 0.045833 0.083333
1.0 0.630469 0.327315 0.047396 0.093519
2.0 0.090365 0.241667 0.022396 0.037037
