0.0 0.896094 0.343519 0.018229 0.040741
0.0 0.064583 0.109722 0.012500 0.041667
0.0 0.867188 0.375463 0.017708 0.052778
1.0 0.646094 0.301389 0.047396 0.089815
1.0 0.207292 0.398611 0.067708 0.075000
1.0 0.771615 0.319907 0.044271 0.084259
1.0 0.538802 0.331481 0.104688 0.122222
1.0 0.120573 0.347222 0.078646 0.079630
1.0 0.632812 0.182407 0.041667 0.074074
1.0 0.555469 0.430556 0.074479 0.105556
1.0 0.314583 0.377778 0.085417 0.077778
2.0 0.605208 0.254167 0.012500 0.037963
2.0 0.793490 0.218981 0.014063 0.043519
3.0 0.644792 0.537963 0.086458 0.183333
3.0 0.083594 0.238426 0.092188 0.097222
