0.0 0.878646 0.377778 0.013542 0.035185
0.0 0.620573 0.749537 0.006771 0.026852
0.0 0.259896 0.459259 0.009375 0.038889
0.0 0.353385 0.551389 0.011979 0.037963
0.0 0.303646 0.078704 0.007292 0.025926
1.0 0.284115 0.762963 0.074479 0.122222
1.0 0.140365 0.128704 0.028646 0.035185
1.0 0.400260 0.908796 0.045312 0.091667
1.0 0.479687 0.917593 0.077083 0.162963
1.0 0.292708 0.615741 0.071875 0.111111
1.0 0.518490 0.610648 0.059896 0.100926
2.0 0.226562 0.161574 0.017708 0.025000
2.0 0.899219 0.667130 0.049479 0.037963
3.0 0.442969 0.478241 0.079687 0.113889
3.0 0.554167 0.709722 0.066667 0.139815
