0.0 0.334115 0.558333 0.015104 0.038889
0.0 0.501042 0.648611 0.005208 0.043519
0.0 0.321615 0.585185 0.013021 0.038889
0.0 0.267448 0.390278 0.008854 0.037963
0.0 0.157812 0.598611 0.018750 0.043519
0.0 0.272135 0.551852 0.021354 0.035185
0.0 0.551562 0.155093 0.005208 0.028704
1.0 0.777865 0.418519 0.066146 0.066667
1.0 0.930990 0.608796 0.098438 0.086111
1.0 0.139062 0.128704 0.026042 0.033333
1.0 0.479687 0.917593 0.077083 0.162963
1.0 0.213281 0.888426 0.102604 0.169444
1.0 0.426042 0.845370 0.072917 0.150000
1.0 0.625521 0.450463 0.054167 0.058333
1.0 0.158333 0.835648 0.107292 0.162037
1.0 0.244271 0.169444 0.035417 0.038889
2.0 0.899219 0.667130 0.049479 0.037963
3.0 0.554167 0.709722 0.066667 0.139815
3.0 0.768490 0.511111 0.097396 0.107407
