0.0 0.323698 0.118519 0.003646 0.027778
0.0 0.822135 0.365278 0.013021 0.036111
0.0 0.116406 0.591204 0.018229 0.039815
1.0 0.692448 0.506481 0.061979 0.057407
1.0 0.803125 0.614815 0.092708 0.077778
1.0 0.280990 0.188426 0.047396 0.041667
1.0 0.665885 0.610185 0.081771 0.079630
1.0 0.233594 0.859259 0.103646 0.174074
2.0 0.541927 0.747222 0.025521 0.066667
2.0 0.934375 0.547222 0.040625 0.038889
3.0 0.454427 0.919907 0.114062 0.158333
3.0 0.931771 0.482407 0.136458 0.125926
3.0 0.521615 0.589815 0.077604 0.161111
3.0 0.843750 0.553241 0.114583 0.106481
