0.0 0.591406 0.289815 0.005729 0.050000
0.0 0.722396 0.212037 0.010417 0.044444
0.0 0.844271 0.555556 0.031250 0.037037
0.0 0.407292 0.078704 0.008333 0.037037
0.0 0.814583 0.610185 0.023958 0.064815
0.0 0.879687 0.142130 0.011458 0.041667
0.0 0.737240 0.225000 0.013021 0.044444
1.0 0.367188 0.184722 0.043750 0.075000
1.0 0.237240 0.111574 0.042188 0.071296
1.0 0.179688 0.070370 0.029167 0.044444
1.0 0.269792 0.533796 0.075000 0.175000
1.0 0.534635 0.505093 0.091146 0.125000
1.0 0.317969 0.803704 0.046354 0.103704
2.0 0.322135 0.220833 0.013021 0.039815
