0.0 0.133073 0.369907 0.016146 0.010185
0.0 0.582292 0.593981 0.011458 0.039815
0.0 0.180729 0.483333 0.012500 0.037037
1.0 0.329948 0.375000 0.032813 0.038889
1.0 0.612500 0.298611 0.060417 0.047222
1.0 0.854427 0.231019 0.034896 0.036111
1.0 0.127604 0.561111 0.103125 0.075926
1.0 0.805208 0.848611 0.110417 0.160185
1.0 0.580990 0.510185 0.069271 0.072222
1.0 0.731250 0.214815 0.043750 0.037037
1.0 0.757552 0.239352 0.046354 0.037963
1.0 0.477865 0.309259 0.069271 0.066667
3.0 0.141146 0.609259 0.095833 0.083333
