0 0.093490 0.381481 0.014063 0.035185
0 0.381510 0.759722 0.006771 0.026852
0 0.735156 0.432870 0.008854 0.037963
0 0.655208 0.538426 0.006250 0.037963
0 0.711719 0.076389 0.006771 0.025000
1 0.779687 0.881944 0.087500 0.147222
1 0.549219 0.780093 0.039062 0.076852
1 0.519792 0.917593 0.077083 0.162963
1 0.725260 0.646296 0.077604 0.116667
1 0.432812 0.547685 0.063542 0.080556
2 0.808854 0.146759 0.017708 0.025000
2 0.100781 0.667130 0.049479 0.037963
3 0.615104 0.556481 0.080208 0.137037
3 0.445573 0.710648 0.067187 0.139815