0.0 0.267708 0.100926 0.008333 0.025926
0.0 0.094010 0.613889 0.022396 0.044444
0.0 0.838802 0.361111 0.013021 0.038889
0.0 0.206510 0.481481 0.010937 0.033333
1.0 0.887760 0.469907 0.088021 0.071296
1.0 0.280990 0.188426 0.047396 0.041667
1.0 0.913802 0.673148 0.104688 0.092593
1.0 0.213802 0.896759 0.108854 0.184259
2.0 0.763021 0.598148 0.042708 0.038889
2.0 0.630729 0.399537 0.030208 0.030556
3.0 0.454427 0.919907 0.114062 0.158333
3.0 0.642708 0.344444 0.109375 0.103704
3.0 0.810156 0.535185 0.109896 0.103704
