0.0 0.591667 0.290278 0.006250 0.049074
0.0 0.712240 0.217130 0.010937 0.045370
0.0 0.862240 0.577315 0.031771 0.036111
0.0 0.402865 0.071759 0.007812 0.034259
0.0 0.831771 0.632407 0.021875 0.064815
0.0 0.889062 0.137500 0.011458 0.041667
0.0 0.727865 0.230093 0.013021 0.045370
1.0 0.357812 0.165741 0.042708 0.072222
1.0 0.242969 0.131944 0.044271 0.076852
1.0 0.182812 0.088426 0.029167 0.045370
1.0 0.282813 0.599537 0.080208 0.195370
1.0 0.504688 0.559259 0.086458 0.146296
1.0 0.337240 0.905556 0.050521 0.118519
2.0 0.314583 0.200463 0.012500 0.037963
