0.0 0.182552 0.429167 0.021354 0.036111
0.0 0.137760 0.299074 0.014063 0.033333
1.0 0.856250 0.095370 0.043750 0.035185
1.0 0.947656 0.175463 0.053646 0.041667
1.0 0.929948 0.190741 0.058854 0.042593
1.0 0.283073 0.080556 0.020313 0.038889
1.0 0.911458 0.544444 0.085417 0.088889
1.0 0.847135 0.106944 0.034896 0.028704
1.0 0.315365 0.086574 0.023438 0.039815
2.0 0.902344 0.362500 0.021354 0.034259
2.0 0.860417 0.325463 0.019792 0.032407
3.0 0.864583 0.063889 0.027083 0.051852
3.0 0.847135 0.387963 0.065104 0.074074
