0.0 0.132746 0.314119 0.014599 0.073806
0.0 0.389245 0.224596 0.010069 0.072439
0.0 0.882609 0.777454 0.024165 0.079273
0.0 0.699359 0.360590 0.006041 0.046469
0.0 0.228146 0.279950 0.011075 0.043737
0.0 0.259107 0.270382 0.007551 0.024602
1.0 0.425996 0.208879 0.061419 0.125742
1.0 0.326567 0.888727 0.076018 0.222545
1.0 0.630641 0.364006 0.093135 0.118909
2.0 0.207757 0.024483 0.012586 0.048966
2.0 0.377163 0.297035 0.017116 0.072439
2.0 0.608238 0.541687 0.033227 0.099775
3.0 0.265401 0.469932 0.101693 0.385429
