0.0 0.547231 0.331819 0.005030 0.039009
0.0 0.611369 0.276617 0.005869 0.036065
0.0 0.700940 0.575442 0.017886 0.031649
0.0 0.447739 0.157381 0.004471 0.030177
0.0 0.682774 0.614451 0.013415 0.050786
0.0 0.711699 0.210743 0.006428 0.032385
0.0 0.619474 0.287289 0.006428 0.036801
1.0 0.420910 0.223992 0.022358 0.055937
1.0 0.364177 0.219943 0.024593 0.062562
1.0 0.331479 0.182774 0.016209 0.038273
1.0 0.388351 0.617396 0.045554 0.168549
1.0 0.493432 0.582803 0.042759 0.128804
2.0 0.398133 0.251224 0.006428 0.029441
