0.0 0.271094 0.465278 0.013021 0.043519
0.0 0.254687 0.394444 0.012500 0.044444
0.0 0.759896 0.572685 0.016667 0.041667
0.0 0.248437 0.295833 0.011458 0.047222
0.0 0.852865 0.859722 0.022396 0.047222
1.0 0.478646 0.212037 0.030208 0.092593
1.0 0.485677 0.356481 0.033854 0.103704
1.0 0.426823 0.619444 0.040104 0.120370
1.0 0.526562 0.167130 0.032292 0.086111
1.0 0.613542 0.614352 0.073958 0.125000
3.0 0.583073 0.138889 0.076563 0.224074
3.0 0.427083 0.279167 0.041667 0.123148
3.0 0.499479 0.575000 0.047917 0.211111
