0.0 0.591927 0.290278 0.005729 0.049074
0.0 0.798698 0.179167 0.009896 0.045370
0.0 0.727344 0.434259 0.024479 0.035185
0.0 0.422396 0.094907 0.008333 0.019444
0.0 0.708594 0.454630 0.013021 0.057407
0.0 0.815104 0.171296 0.013542 0.042593
0.0 0.826823 0.187500 0.014063 0.043519
1.0 0.506250 0.366667 0.081250 0.088889
1.0 0.266146 0.514352 0.057292 0.125000
1.0 0.213281 0.238426 0.051562 0.097222
1.0 0.790104 0.322685 0.084375 0.067593
1.0 0.234375 0.365741 0.030208 0.059259
2.0 0.411979 0.470370 0.020833 0.061111
