0.0 0.855891 0.388053 0.023642 0.041743
0.0 0.830740 0.383783 0.019619 0.048384
1.0 0.543008 0.587281 0.068914 0.155588
1.0 0.217300 0.396117 0.065393 0.076845
1.0 0.794773 0.139017 0.033200 0.057871
1.0 0.358398 0.374771 0.115193 0.102460
1.0 0.133545 0.343463 0.075957 0.081589
1.0 0.579981 0.283221 0.056339 0.092025
1.0 0.352865 0.476283 0.077969 0.091076
1.0 0.182590 0.294605 0.073442 0.067358
2.0 0.504025 0.356271 0.027163 0.042692
2.0 0.766352 0.064070 0.010563 0.035102
3.0 0.712025 0.259029 0.057848 0.121435
3.0 0.097831 0.231991 0.089036 0.099614
