0 0.865625 0.274537 0.010417 0.036111
0 0.142708 0.222685 0.010417 0.025000
0 0.258073 0.275926 0.009896 0.035185
0 0.601562 0.127778 0.007292 0.018519
0 0.270833 0.277315 0.014583 0.028704
1 0.687240 0.190741 0.028646 0.048148
1 0.677344 0.408333 0.042188 0.079630
1 0.715885 0.088426 0.018229 0.034259
1 0.120052 0.102315 0.049479 0.052778
1 0.235937 0.376852 0.063542 0.062963
1 0.670573 0.244444 0.029687 0.055556
1 0.651823 0.178241 0.023438 0.045370
1 0.700000 0.146759 0.027083 0.043519
1 0.158594 0.338889 0.066146 0.050000
1 0.632552 0.222222 0.035937 0.072222
2 0.101562 0.548148 0.034375 0.042593