0.0 0.591406 0.289815 0.005729 0.050000
0.0 0.722135 0.212500 0.008854 0.043519
0.0 0.847917 0.553704 0.030208 0.024074
0.0 0.405990 0.077778 0.007812 0.037037
0.0 0.880990 0.141667 0.014063 0.040741
0.0 0.735417 0.225463 0.011458 0.045370
1.0 0.364583 0.181019 0.043750 0.075000
1.0 0.238542 0.116667 0.043750 0.074074
1.0 0.180208 0.074537 0.028125 0.043519
1.0 0.272917 0.547685 0.076042 0.180556
1.0 0.527865 0.516667 0.092188 0.127778
1.0 0.321615 0.824537 0.047396 0.106481
2.0 0.321094 0.217593 0.013021 0.038889
