0.0 0.544792 0.272222 0.016667 0.035185
0.0 0.149740 0.154167 0.014063 0.039815
0.0 0.502344 0.258333 0.010937 0.046296
1.0 0.716667 0.105556 0.032292 0.055556
1.0 0.642448 0.162500 0.033854 0.060185
1.0 0.129688 0.275463 0.069792 0.067593
1.0 0.648438 0.928241 0.073958 0.141667
1.0 0.692969 0.162500 0.045312 0.091667
1.0 0.784635 0.256019 0.048438 0.089815
1.0 0.710938 0.631481 0.065625 0.168519
1.0 0.667188 0.104167 0.037500 0.063889
1.0 0.390885 0.536574 0.070312 0.097222
1.0 0.542969 0.869444 0.127604 0.257407
1.0 0.735937 0.053704 0.029167 0.048148
2.0 0.065365 0.237037 0.023438 0.038889
