0.0 0.946354 0.727778 0.021875 0.046296
0.0 0.172396 0.441667 0.008333 0.012963
0.0 0.680729 0.553704 0.011458 0.038889
0.0 0.928125 0.760185 0.025000 0.048148
1.0 0.480729 0.410648 0.053125 0.056481
1.0 0.704948 0.195370 0.044271 0.042593
1.0 0.519792 0.917593 0.077083 0.162963
1.0 0.744010 0.303241 0.048438 0.049074
1.0 0.573438 0.846296 0.072917 0.150000
2.0 0.616667 0.234722 0.020833 0.028704
2.0 0.100781 0.667130 0.049479 0.037963
3.0 0.203125 0.462963 0.089583 0.109259
3.0 0.445573 0.710648 0.067187 0.139815
