0.0 0.263542 0.339352 0.010417 0.045370
0.0 0.551042 0.622685 0.007292 0.030556
0.0 0.275521 0.356481 0.008333 0.046296
0.0 0.297917 0.472222 0.007292 0.051852
1.0 0.379948 0.341204 0.021354 0.052778
1.0 0.561458 0.235185 0.038542 0.066667
1.0 0.730990 0.128241 0.021354 0.049074
1.0 0.281510 0.566204 0.064062 0.100926
1.0 0.693229 0.932407 0.069792 0.135185
1.0 0.539844 0.490278 0.043229 0.091667
1.0 0.646094 0.111574 0.027604 0.050926
1.0 0.663021 0.145833 0.029167 0.050926
1.0 0.475260 0.249074 0.044271 0.090741
3.0 0.291406 0.632870 0.058854 0.112037
