0.0 0.396615 0.724537 0.011979 0.039815
0.0 0.241406 0.718519 0.018229 0.042593
0.0 0.505990 0.664815 0.013021 0.044444
0.0 0.642969 0.282407 0.007812 0.033333
0.0 0.721094 0.555093 0.010938 0.039815
0.0 0.764844 0.529167 0.014062 0.039815
0.0 0.451042 0.726852 0.019792 0.040741
0.0 0.244792 0.255556 0.009375 0.033333
1.0 0.517969 0.374537 0.060938 0.056481
1.0 0.448437 0.427778 0.066667 0.055556
1.0 0.725521 0.264352 0.040625 0.043519
1.0 0.618490 0.425926 0.034896 0.075926
1.0 0.666146 0.208333 0.027083 0.042593
3.0 0.726042 0.196759 0.109375 0.125000
3.0 0.599219 0.320370 0.067187 0.079630
