0.0 0.569792 0.280093 0.018750 0.039815
0.0 0.771094 0.188889 0.013021 0.044444
0.0 0.587760 0.255093 0.009896 0.047222
1.0 0.665365 0.476389 0.095313 0.093519
1.0 0.357292 0.312037 0.047917 0.092593
1.0 0.565885 0.381481 0.066146 0.066667
1.0 0.869792 0.275463 0.069792 0.067593
1.0 0.229948 0.330093 0.040104 0.075000
1.0 0.414583 0.460185 0.072917 0.157407
1.0 0.207292 0.216667 0.037500 0.070370
1.0 0.423438 0.297685 0.063542 0.093519
1.0 0.897135 0.334722 0.064063 0.069444
1.0 0.290365 0.303241 0.059896 0.112037
1.0 0.319792 0.207870 0.040625 0.073148
2.0 0.934115 0.237037 0.023438 0.038889
