0.0 0.899479 0.291204 0.015625 0.037963
0.0 0.067969 0.114352 0.011979 0.039815
0.0 0.082031 0.121759 0.013021 0.041667
0.0 0.869792 0.371296 0.015625 0.050000
1.0 0.691406 0.175463 0.038021 0.067593
1.0 0.337240 0.481481 0.071354 0.083333
1.0 0.722135 0.574537 0.060937 0.137963
1.0 0.618750 0.212500 0.060417 0.106481
1.0 0.120573 0.347222 0.078646 0.079630
1.0 0.669531 0.100463 0.034896 0.062037
1.0 0.780469 0.100463 0.032813 0.052778
1.0 0.663281 0.247222 0.041146 0.085185
1.0 0.500521 0.567130 0.083333 0.136111
2.0 0.648438 0.153241 0.010417 0.026852
2.0 0.757552 0.405093 0.018229 0.056481
3.0 0.522917 0.908796 0.122917 0.180556
3.0 0.083594 0.238426 0.092188 0.097222
