0.0 0.835417 0.398611 0.014583 0.052778
0.0 0.375521 0.297685 0.009375 0.050926
0.0 0.181250 0.810185 0.019792 0.066667
0.0 0.385417 0.271759 0.015625 0.043519
1.0 0.661979 0.230093 0.037500 0.087963
1.0 0.255990 0.443519 0.058854 0.079630
1.0 0.697917 0.075463 0.023958 0.058333
1.0 0.083854 0.246759 0.060417 0.073148
1.0 0.728385 0.500926 0.040104 0.109259
1.0 0.442708 0.616204 0.082292 0.141667
1.0 0.630990 0.356944 0.041146 0.108333
1.0 0.747656 0.354167 0.024479 0.062037
1.0 0.710156 0.025463 0.024479 0.050926
1.0 0.618490 0.206481 0.032813 0.077778
1.0 0.659115 0.074537 0.029687 0.060185
1.0 0.681510 0.144907 0.033854 0.075000
1.0 0.578385 0.312963 0.063021 0.125926
2.0 0.083073 0.563426 0.035937 0.056481
