0.0 0.591927 0.290278 0.005729 0.049074
0.0 0.744271 0.202778 0.012500 0.044444
0.0 0.806771 0.525463 0.028125 0.039815
0.0 0.416927 0.091204 0.007812 0.028704
0.0 0.783073 0.556019 0.017188 0.062037
0.0 0.858333 0.151852 0.013542 0.040741
0.0 0.759896 0.215741 0.012500 0.044444
1.0 0.383594 0.222685 0.047396 0.082407
1.0 0.227865 0.078704 0.040104 0.066667
1.0 0.347917 0.910185 0.087500 0.177778
1.0 0.252083 0.437500 0.067708 0.145370
1.0 0.597656 0.433796 0.096354 0.093519
1.0 0.289583 0.654630 0.040625 0.087037
2.0 0.337240 0.262500 0.014063 0.041667
