0.0 0.679948 0.481481 0.017188 0.038889
0.0 0.732031 0.474074 0.015104 0.040741
0.0 0.288802 0.530093 0.016146 0.041667
0.0 0.750781 0.347222 0.013021 0.044444
0.0 0.399219 0.064815 0.006771 0.040741
1.0 0.525000 0.137963 0.028125 0.081481
1.0 0.519531 0.250926 0.030729 0.087037
1.0 0.572917 0.884722 0.047917 0.162037
1.0 0.482552 0.074537 0.028646 0.076852
1.0 0.447917 0.433796 0.046875 0.102778
3.0 0.416927 0.138889 0.076563 0.224074
3.0 0.572656 0.433796 0.047396 0.149074
3.0 0.510417 0.393519 0.041667 0.174074
