0.0 0.362433 0.855546 0.011258 0.059788
0.0 0.251210 0.735970 0.012159 0.064876
0.0 0.473207 0.753143 0.005854 0.055972
0.0 0.623607 0.201697 0.006754 0.047067
0.0 0.659856 0.619575 0.010807 0.055972
0.0 0.702860 0.566784 0.013059 0.054700
0.0 0.402285 0.860634 0.017112 0.059788
0.0 0.244680 0.193429 0.009006 0.045794
1.0 0.515760 0.328269 0.052235 0.078868
1.0 0.365361 0.393781 0.058539 0.077596
1.0 0.748115 0.133005 0.033322 0.057244
1.0 0.602443 0.398234 0.030170 0.104311
1.0 0.601993 0.134913 0.033772 0.061059
3.0 0.677868 0.098023 0.096364 0.175547
3.0 0.586007 0.254488 0.058539 0.109399
