0.0 0.137240 0.295370 0.009896 0.037037
0.0 0.872917 0.212500 0.010417 0.023148
0.0 0.726562 0.282407 0.008333 0.035185
0.0 0.394271 0.118056 0.007292 0.019444
0.0 0.735938 0.269907 0.011458 0.023148
1.0 0.312240 0.190741 0.028646 0.048148
1.0 0.305990 0.336574 0.036979 0.067593
1.0 0.287240 0.103704 0.019271 0.035185
1.0 0.924740 0.129630 0.055729 0.057407
1.0 0.764062 0.376852 0.063542 0.062963
1.0 0.329167 0.243519 0.029167 0.055556
1.0 0.281771 0.051852 0.016667 0.031481
1.0 0.347917 0.178241 0.023958 0.045370
1.0 0.299740 0.145833 0.026563 0.043519
1.0 0.840885 0.338889 0.066146 0.050000
1.0 0.367188 0.221296 0.035417 0.072222
2.0 0.898438 0.547685 0.034375 0.043519
