0.0 0.327109 0.355719 0.024094 0.045371
0.0 0.142496 0.464610 0.020839 0.047186
0.0 0.153241 0.504084 0.020187 0.055353
0.0 0.177010 0.524501 0.023443 0.056260
0.0 0.402647 0.260892 0.017583 0.044464
0.0 0.153241 0.193288 0.012373 0.043556
1.0 0.738661 0.064887 0.041026 0.048094
1.0 0.110589 0.390201 0.106796 0.076224
1.0 0.244733 0.455082 0.109400 0.084391
1.0 0.141846 0.325319 0.075539 0.062613
1.0 0.040642 0.280402 0.081284 0.065335
1.0 0.254501 0.373867 0.100283 0.081669
1.0 0.021432 0.338477 0.042864 0.067150
1.0 0.429671 0.488203 0.136750 0.076225
