0.0 0.175498 0.353635 0.025199 0.054119
0.0 0.202124 0.347485 0.018543 0.068878
1.0 0.485023 0.717088 0.071795 0.227542
1.0 0.782423 0.352405 0.060859 0.098397
1.0 0.217101 0.018153 0.030429 0.036306
1.0 0.665223 0.327805 0.104125 0.137756
1.0 0.862063 0.282912 0.070843 0.104547
1.0 0.438666 0.246013 0.060859 0.119306
1.0 0.671641 0.449572 0.068466 0.118076
1.0 0.815468 0.222030 0.068942 0.086097
2.0 0.523059 0.328420 0.028052 0.055349
3.0 0.290560 0.141468 0.051825 0.146365
3.0 0.896297 0.139008 0.083206 0.126685
