0.0 0.069792 0.218981 0.013542 0.045370
0.0 0.604948 0.256481 0.011979 0.046296
0.0 0.671875 0.363889 0.012500 0.050000
0.0 0.657292 0.385185 0.006250 0.031481
0.0 0.878385 0.146296 0.011979 0.042593
0.0 0.295052 0.333333 0.011979 0.050000
0.0 0.089844 0.270833 0.014063 0.025000
0.0 0.053906 0.093981 0.011979 0.037963
1.0 0.350260 0.150000 0.039062 0.062963
1.0 0.242448 0.392593 0.048438 0.098148
2.0 0.328385 0.606944 0.028646 0.060185
2.0 0.308073 0.180556 0.011979 0.037037
3.0 0.480990 0.626389 0.148438 0.182407
