0.0 0.488021 0.639352 0.010417 0.039815
0.0 0.635156 0.761574 0.011979 0.043519
0.0 0.428906 0.625463 0.008854 0.043519
0.0 0.351823 0.288889 0.006771 0.035185
0.0 0.214844 0.544907 0.014063 0.041667
0.0 0.162500 0.603241 0.018750 0.043519
0.0 0.416146 0.633333 0.016667 0.042593
0.0 0.666667 0.211111 0.007292 0.031481
1.0 0.561458 0.416667 0.065625 0.061111
1.0 0.393750 0.556019 0.066667 0.095370
1.0 0.393750 0.328241 0.044792 0.049074
1.0 0.368750 0.473148 0.048958 0.085185
1.0 0.287240 0.190278 0.036979 0.041667
2.0 0.563021 0.703241 0.029167 0.058333
3.0 0.208594 0.167130 0.103646 0.117593
3.0 0.471094 0.357407 0.070312 0.083333
