0.0 0.815365 0.271296 0.010937 0.020370
0.0 0.288802 0.304167 0.007812 0.026852
0.0 0.541146 0.364815 0.011458 0.029630
0.0 0.295833 0.306944 0.008333 0.026852
0.0 0.828906 0.306019 0.009896 0.026852
0.0 0.820573 0.304167 0.013021 0.015741
1.0 0.612240 0.275000 0.038021 0.055556
1.0 0.282552 0.436574 0.060938 0.052778
1.0 0.514062 0.583796 0.077083 0.069444
1.0 0.313802 0.610185 0.095312 0.064815
1.0 0.642187 0.290741 0.026042 0.044444
1.0 0.227083 0.722222 0.057292 0.114815
2.0 0.629167 0.245370 0.007292 0.011111
3.0 0.194271 0.338426 0.067708 0.060185
