0.0 0.737240 0.406944 0.014062 0.045370
0.0 0.161719 0.753704 0.021354 0.033333
0.0 0.400260 0.053704 0.006771 0.040741
1.0 0.521094 0.211574 0.029687 0.093519
1.0 0.507812 0.478241 0.038542 0.123148
1.0 0.572917 0.465278 0.035417 0.099074
1.0 0.469792 0.205093 0.033333 0.089815
1.0 0.307292 0.715278 0.087500 0.119444
1.0 0.658594 0.910185 0.056771 0.175926
3.0 0.416667 0.138889 0.077083 0.224074
3.0 0.203385 0.939352 0.119271 0.110185
3.0 0.584896 0.185185 0.038542 0.107407
3.0 0.490365 0.766204 0.054688 0.252778
