0.0 0.158333 0.383796 0.025000 0.036111
0.0 0.188542 0.379167 0.013542 0.052778
1.0 0.526563 0.785185 0.090625 0.205556
1.0 0.849740 0.362963 0.065104 0.070370
1.0 0.183854 0.094444 0.031250 0.050000
1.0 0.309896 0.055556 0.027083 0.048148
1.0 0.726562 0.349074 0.108333 0.103704
1.0 0.933073 0.314352 0.075521 0.076852
1.0 0.458594 0.332870 0.075521 0.089815
1.0 0.734115 0.431944 0.075521 0.086111
1.0 0.880990 0.269907 0.073438 0.062037
2.0 0.569010 0.374537 0.031771 0.028704
3.0 0.258854 0.188889 0.053125 0.101852
