0.0 0.862240 0.300000 0.011979 0.037037
0.0 0.123437 0.212500 0.009375 0.019444
0.0 0.276562 0.283796 0.008333 0.036111
0.0 0.605990 0.117130 0.007812 0.019444
0.0 0.266667 0.275463 0.014583 0.030556
1.0 0.695833 0.324074 0.036458 0.064815
1.0 0.064583 0.135185 0.056250 0.057407
1.0 0.235417 0.376852 0.063542 0.062963
1.0 0.670313 0.250926 0.029167 0.040741
1.0 0.718490 0.054630 0.017188 0.031481
1.0 0.158594 0.338889 0.066146 0.050000
1.0 0.632292 0.243981 0.035417 0.026852
2.0 0.101042 0.547685 0.034375 0.043519
