0.0 0.970678 0.406941 0.023350 0.039438
1.0 0.723831 0.292432 0.052706 0.056735
1.0 0.205785 0.452605 0.086730 0.058811
1.0 0.815564 0.461600 0.066715 0.082335
1.0 0.616418 0.330140 0.100741 0.089254
1.0 0.032174 0.385838 0.064348 0.059503
1.0 0.696477 0.228432 0.048702 0.050508
1.0 0.899960 0.177579 0.039362 0.035978
1.0 0.673794 0.367849 0.062046 0.071957
1.0 0.410601 0.467136 0.112082 0.075416
2.0 0.665455 0.275827 0.014677 0.026292
2.0 0.852258 0.361622 0.021349 0.037362
3.0 0.606077 0.694421 0.141437 0.196497
