0.0 0.667708 0.478704 0.013542 0.042593
0.0 0.724740 0.483333 0.016146 0.042593
0.0 0.298438 0.522222 0.015625 0.042593
0.0 0.750781 0.363889 0.011979 0.048148
0.0 0.399219 0.062500 0.006771 0.039815
1.0 0.525781 0.125000 0.027604 0.079630
1.0 0.520312 0.235185 0.030208 0.085185
1.0 0.572656 0.924074 0.049479 0.150000
1.0 0.483854 0.061574 0.028125 0.075000
1.0 0.451042 0.407870 0.038542 0.099074
3.0 0.416927 0.138889 0.076563 0.224074
3.0 0.572656 0.461111 0.048438 0.153704
3.0 0.511458 0.368519 0.040625 0.168519
