0.0 0.408073 0.290278 0.005729 0.049074
0.0 0.201563 0.178241 0.010417 0.043519
0.0 0.274219 0.432407 0.024479 0.035185
0.0 0.578385 0.093519 0.008854 0.020370
0.0 0.294010 0.454167 0.014063 0.058333
0.0 0.184896 0.171296 0.012500 0.042593
0.0 0.170052 0.186111 0.011979 0.044444
1.0 0.489063 0.368519 0.082292 0.088889
1.0 0.735156 0.507870 0.056771 0.123148
1.0 0.787240 0.235648 0.051562 0.097222
1.0 0.206250 0.320370 0.084375 0.066667
1.0 0.766406 0.361111 0.029687 0.059259
2.0 0.585938 0.476389 0.020833 0.062037
