0.0 0.051562 0.315741 0.027083 0.070370
0.0 0.072396 0.315741 0.019792 0.077778
1.0 0.384896 0.402778 0.066667 0.172222
1.0 0.840625 0.350000 0.079167 0.111111
1.0 0.159375 0.076852 0.044792 0.098148
1.0 0.574479 0.317593 0.136458 0.142593
1.0 0.941667 0.273611 0.091667 0.117593
1.0 0.374219 0.114352 0.054688 0.123148
1.0 0.583594 0.470833 0.092187 0.134259
1.0 0.829427 0.239815 0.092187 0.101852
2.0 0.428385 0.235648 0.023438 0.060185
3.0 0.276302 0.301389 0.080729 0.208333
3.0 0.965365 0.113426 0.069271 0.143519
