0.0 0.607292 0.279167 0.015625 0.049074
0.0 0.865885 0.733796 0.026562 0.075000
0.0 0.719271 0.172685 0.008333 0.041667
0.0 0.641406 0.209259 0.010937 0.051852
1.0 0.765625 0.394444 0.083333 0.092593
1.0 0.476302 0.452778 0.088021 0.105556
1.0 0.714844 0.335185 0.059896 0.075926
1.0 0.852344 0.245370 0.067188 0.075926
1.0 0.217969 0.156019 0.031771 0.063889
1.0 0.518750 0.786111 0.101042 0.274074
1.0 0.202344 0.063426 0.029688 0.060185
1.0 0.520052 0.380093 0.079688 0.039815
1.0 0.878385 0.312037 0.060937 0.077778
1.0 0.267188 0.133796 0.045833 0.097222
1.0 0.367448 0.300463 0.048438 0.108333
2.0 0.913802 0.201389 0.022396 0.043519
