0.0 0.682552 0.651389 0.010937 0.043519
0.0 0.690885 0.537500 0.013021 0.037963
0.0 0.351562 0.355556 0.007292 0.042593
0.0 0.668490 0.581944 0.009896 0.037963
0.0 0.269792 0.700000 0.012500 0.048148
0.0 0.343490 0.404167 0.007812 0.025000
0.0 0.594531 0.475463 0.010937 0.037963
1.0 0.751302 0.751852 0.072396 0.087037
1.0 0.454167 0.344907 0.019792 0.073148
1.0 0.519010 0.250000 0.019271 0.070370
1.0 0.414323 0.468981 0.024479 0.112037
3.0 0.551562 0.177315 0.047917 0.199074
3.0 0.483854 0.150463 0.019792 0.108333
