0.0 0.894271 0.353704 0.019792 0.044444
0.0 0.060417 0.109259 0.012500 0.037037
0.0 0.866927 0.375463 0.017188 0.052778
1.0 0.631250 0.342593 0.050000 0.098148
1.0 0.207292 0.398611 0.067708 0.075000
1.0 0.779687 0.277315 0.041667 0.076852
1.0 0.512240 0.348611 0.113021 0.117593
1.0 0.120573 0.347222 0.078646 0.079630
1.0 0.625260 0.199537 0.043229 0.076852
1.0 0.501302 0.462500 0.078646 0.104630
1.0 0.269792 0.353241 0.082292 0.073148
2.0 0.595052 0.275000 0.015104 0.038889
2.0 0.788542 0.183333 0.013542 0.040741
3.0 0.664323 0.467130 0.079687 0.165741
3.0 0.083594 0.238426 0.092188 0.097222
