0.0 0.596875 0.289815 0.018750 0.040741
0.0 0.922917 0.762500 0.028125 0.058333
0.0 0.749740 0.197685 0.014062 0.043519
0.0 0.623437 0.254167 0.008333 0.047222
1.0 0.743490 0.430556 0.090104 0.081481
1.0 0.410417 0.406481 0.075000 0.100000
1.0 0.674740 0.379630 0.066146 0.068519
1.0 0.869792 0.275463 0.069792 0.067593
1.0 0.213021 0.243519 0.035417 0.062963
1.0 0.471615 0.617593 0.090104 0.201852
1.0 0.194792 0.152315 0.033333 0.058333
1.0 0.479167 0.347685 0.078125 0.093519
1.0 0.897135 0.334722 0.064063 0.069444
1.0 0.268490 0.221296 0.052604 0.094444
1.0 0.342187 0.272222 0.045833 0.085185
2.0 0.934115 0.237037 0.023438 0.038889
