0.0 0.837500 0.369907 0.013542 0.034259
0.0 0.621875 0.746759 0.006250 0.025000
0.0 0.260417 0.459722 0.010417 0.039815
0.0 0.352083 0.552315 0.009375 0.041667
1.0 0.344271 0.650463 0.063542 0.102778
1.0 0.179427 0.142593 0.042188 0.037037
1.0 0.480208 0.917593 0.077083 0.162963
1.0 0.345833 0.495370 0.040625 0.090741
1.0 0.479167 0.709722 0.062500 0.121296
2.0 0.270052 0.182407 0.018229 0.025926
2.0 0.899219 0.667130 0.049479 0.037963
3.0 0.524479 0.423611 0.077083 0.089815
3.0 0.554427 0.710648 0.067187 0.139815
