0.0 0.408073 0.290278 0.005729 0.049074
0.0 0.193490 0.178241 0.013021 0.043519
0.0 0.288021 0.396296 0.020833 0.029630
0.0 0.586719 0.086111 0.008854 0.037037
0.0 0.304688 0.423611 0.010417 0.056481
0.0 0.186458 0.171759 0.011458 0.043519
0.0 0.155990 0.178241 0.013021 0.041667
1.0 0.385417 0.388889 0.085417 0.072222
1.0 0.756771 0.396759 0.048958 0.099074
1.0 0.798438 0.175000 0.046875 0.083333
1.0 0.140365 0.283333 0.079687 0.062963
1.0 0.781771 0.279630 0.027083 0.053704
2.0 0.538021 0.607407 0.026042 0.075926
