0.0 0.602455 0.655581 0.008384 0.026162
0.0 0.685291 0.603257 0.009055 0.028389
0.0 0.519955 0.610771 0.004360 0.024492
0.0 0.407941 0.369468 0.005030 0.020596
0.0 0.380944 0.552324 0.008049 0.024492
0.0 0.348917 0.529224 0.009726 0.023936
0.0 0.572775 0.657807 0.012744 0.026162
0.0 0.690154 0.365850 0.006708 0.020039
1.0 0.488262 0.424854 0.038903 0.034511
1.0 0.600275 0.453520 0.043598 0.033955
1.0 0.315212 0.339409 0.024818 0.025049
1.0 0.423703 0.455469 0.022470 0.045645
1.0 0.424039 0.340244 0.025152 0.026718
3.0 0.367530 0.324102 0.071769 0.076816
3.0 0.435945 0.392568 0.043598 0.047871
