0.0 0.191469 0.364095 0.020031 0.025887
0.0 0.208324 0.334973 0.020520 0.025298
0.0 0.142856 0.245840 0.022474 0.032947
0.0 0.443082 0.240545 0.011237 0.035300
1.0 0.394713 0.377332 0.048368 0.105312
1.0 0.530047 0.761514 0.046414 0.111195
1.0 0.455540 0.580896 0.044949 0.132375
1.0 0.307015 0.556186 0.052765 0.124138
1.0 0.329734 0.353505 0.051300 0.103547
1.0 0.531268 0.574424 0.042994 0.118255
2.0 0.467266 0.271433 0.014657 0.042949
3.0 0.633624 0.668852 0.113836 0.296520
3.0 0.547880 0.238780 0.093805 0.112960
