0.0 0.872656 0.125000 0.014062 0.042593
0.0 0.201562 0.101389 0.009375 0.049074
0.0 0.454688 0.242130 0.011458 0.045370
0.0 0.222396 0.113426 0.011458 0.050926
0.0 0.877865 0.194907 0.011979 0.054630
0.0 0.887500 0.062500 0.012500 0.030556
1.0 0.695052 0.027315 0.028646 0.054630
1.0 0.635156 0.073148 0.045312 0.105556
1.0 0.164844 0.320833 0.069271 0.093519
1.0 0.680208 0.299074 0.039583 0.094444
1.0 0.562760 0.610648 0.090104 0.147222
1.0 0.671354 0.103241 0.031250 0.084259
2.0 0.655469 0.017593 0.008854 0.020370
3.0 0.132031 0.193981 0.081771 0.113889
