0.0 0.907292 0.681019 0.017708 0.043519
0.0 0.174740 0.454630 0.011979 0.038889
0.0 0.649740 0.575926 0.013021 0.042593
0.0 0.891667 0.705556 0.017708 0.044444
0.0 0.940365 0.668519 0.007812 0.016667
1.0 0.408594 0.381019 0.051563 0.049074
1.0 0.666667 0.212500 0.044792 0.043519
1.0 0.519792 0.917593 0.077083 0.162963
1.0 0.799740 0.274537 0.041146 0.045370
1.0 0.573438 0.845370 0.072917 0.150000
2.0 0.562760 0.258333 0.022396 0.029630
2.0 0.100260 0.667130 0.049479 0.037963
3.0 0.104688 0.509722 0.098958 0.117593
3.0 0.445312 0.709722 0.066667 0.139815
