0.0 0.075781 0.243519 0.018229 0.040741
0.0 0.895312 0.132870 0.010417 0.041667
0.0 0.653906 0.365278 0.009896 0.049074
0.0 0.884635 0.137037 0.014063 0.042593
0.0 0.100521 0.305556 0.011458 0.050000
1.0 0.284115 0.109259 0.032813 0.055556
1.0 0.526563 0.789815 0.055208 0.159259
1.0 0.346615 0.134259 0.051562 0.090741
1.0 0.879167 0.346296 0.079167 0.079630
1.0 0.235938 0.106944 0.033333 0.047222
1.0 0.276042 0.254167 0.042708 0.076852
1.0 0.305208 0.160648 0.035417 0.071296
2.0 0.323438 0.087037 0.010417 0.018519
2.0 0.328385 0.851389 0.027604 0.099074
3.0 0.915885 0.237963 0.092188 0.096296
