0.0 0.555208 0.278704 0.009375 0.046296
0.0 0.682292 0.231019 0.010417 0.045370
0.0 0.912760 0.653704 0.035938 0.037037
0.0 0.396615 0.057870 0.007812 0.036111
0.0 0.892708 0.685185 0.023958 0.062963
0.0 0.913281 0.128704 0.011979 0.040741
0.0 0.701042 0.241667 0.013542 0.046296
1.0 0.350260 0.148148 0.041146 0.068519
1.0 0.263021 0.205093 0.051042 0.091667
1.0 0.194792 0.149074 0.033333 0.055556
1.0 0.332292 0.854630 0.105208 0.288889
1.0 0.459115 0.808796 0.052604 0.223148
2.0 0.308594 0.181481 0.011979 0.037037
