0.0 0.285187 0.293189 0.006094 0.030110
0.0 0.700339 0.269022 0.007008 0.021394
0.0 0.646560 0.303886 0.006703 0.029318
0.0 0.442564 0.186614 0.004570 0.016640
0.0 0.641685 0.306263 0.006703 0.022979
1.0 0.390461 0.235346 0.016758 0.041204
1.0 0.405544 0.481379 0.027423 0.080031
1.0 0.372484 0.133128 0.009446 0.026940
1.0 0.705214 0.151750 0.024681 0.027733
1.0 0.654482 0.394614 0.037173 0.053882
1.0 0.400211 0.281303 0.017368 0.047543
1.0 0.411180 0.224649 0.013712 0.038826
1.0 0.753661 0.173144 0.027118 0.035657
1.0 0.381168 0.188595 0.015235 0.036450
1.0 0.743301 0.185029 0.030774 0.034072
1.0 0.699730 0.362126 0.038697 0.042788
1.0 0.422454 0.262286 0.021024 0.061805
1.0 0.339271 0.125601 0.011884 0.024564
2.0 0.733094 0.541204 0.020110 0.036450
