0.0 0.165761 0.464533 0.012833 0.034271
0.0 0.690743 0.532677 0.010500 0.033474
0.0 0.169552 0.523910 0.013416 0.038256
0.0 0.174219 0.623933 0.016916 0.037459
1.0 0.527708 0.873793 0.081081 0.111580
1.0 0.640579 0.269268 0.027999 0.029489
1.0 0.755492 0.296367 0.051331 0.037459
1.0 0.740034 0.266479 0.056582 0.039850
1.0 0.634163 0.368495 0.037332 0.047820
1.0 0.743242 0.725551 0.090997 0.116362
1.0 0.823157 0.203915 0.043166 0.032677
1.0 0.803032 0.243366 0.047249 0.033474
1.0 0.730993 0.231810 0.059498 0.050211
3.0 0.061006 0.508767 0.122012 0.178528
3.0 0.854363 0.248945 0.063582 0.055790
