0.0 0.069792 0.125463 0.014583 0.034259
0.0 0.787240 0.182407 0.010938 0.044444
0.0 0.432813 0.282870 0.010417 0.049074
0.0 0.776563 0.187963 0.011458 0.044444
0.0 0.050260 0.180556 0.013021 0.042593
0.0 0.060938 0.186111 0.017708 0.027778
1.0 0.346615 0.134259 0.051562 0.090741
1.0 0.771354 0.409722 0.084375 0.080556
1.0 0.517969 0.658796 0.109896 0.108333
1.0 0.782292 0.666204 0.126042 0.113889
1.0 0.305208 0.160648 0.035417 0.071296
1.0 0.879687 0.825926 0.082292 0.175926
2.0 0.323438 0.087037 0.010417 0.018519
3.0 0.915885 0.237963 0.092188 0.096296
