0.0 0.077083 0.155556 0.013542 0.037037
0.0 0.818490 0.168056 0.011979 0.043519
0.0 0.511719 0.261574 0.006771 0.047222
0.0 0.798437 0.177778 0.011458 0.044444
0.0 0.064063 0.218056 0.016667 0.045370
0.0 0.061979 0.143056 0.014583 0.026852
1.0 0.266146 0.057870 0.030208 0.049074
1.0 0.346615 0.135185 0.051562 0.090741
1.0 0.879427 0.347222 0.078646 0.079630
1.0 0.322917 0.426389 0.051042 0.099074
1.0 0.526823 0.662963 0.121354 0.118519
1.0 0.305729 0.161111 0.035417 0.072222
2.0 0.323698 0.087500 0.009896 0.017593
3.0 0.916406 0.238426 0.092188 0.097222
