0.0 0.761719 0.495833 0.009896 0.021296
0.0 0.313802 0.527315 0.014063 0.021296
0.0 0.767187 0.536111 0.010417 0.024074
0.0 0.748958 0.599074 0.012500 0.024074
1.0 0.526302 0.649537 0.053646 0.069444
1.0 0.348177 0.345370 0.021354 0.016667
1.0 0.347656 0.389815 0.049479 0.025926
1.0 0.310156 0.355093 0.044271 0.025000
1.0 0.397917 0.448611 0.022917 0.032407
1.0 0.307812 0.638889 0.071875 0.072222
1.0 0.211979 0.307870 0.034375 0.019444
1.0 0.238021 0.334259 0.036458 0.020370
1.0 0.281771 0.322685 0.045833 0.028704
3.0 0.870313 0.505093 0.143750 0.110185
3.0 0.265625 0.357407 0.053125 0.035185
