0.0 0.637240 0.352315 0.020312 0.045370
0.0 0.785417 0.472222 0.016667 0.055556
0.0 0.779687 0.506481 0.016667 0.057407
0.0 0.763542 0.536111 0.018750 0.059259
0.0 0.594792 0.254630 0.014583 0.046296
0.0 0.759635 0.193519 0.013021 0.044444
1.0 0.810937 0.387500 0.085417 0.078704
1.0 0.704167 0.454167 0.087500 0.086111
1.0 0.785937 0.320833 0.060417 0.063889
1.0 0.869792 0.275463 0.069792 0.067593
1.0 0.784115 0.943056 0.082813 0.112037
1.0 0.696094 0.370370 0.079688 0.083333
1.0 0.897135 0.334722 0.064063 0.069444
1.0 0.556250 0.487500 0.109375 0.078704
2.0 0.934115 0.237037 0.023438 0.038889
