0.0 0.637240 0.352778 0.021354 0.044444
0.0 0.785156 0.481481 0.016146 0.055556
0.0 0.783854 0.503241 0.015625 0.041667
0.0 0.773698 0.544907 0.017188 0.060185
0.0 0.608073 0.254167 0.013021 0.045370
0.0 0.750260 0.198611 0.013021 0.043519
1.0 0.811458 0.387963 0.085417 0.077778
1.0 0.704167 0.454167 0.087500 0.086111
1.0 0.786458 0.321759 0.060417 0.063889
1.0 0.870052 0.275926 0.070312 0.066667
1.0 0.799479 0.899074 0.109375 0.200000
1.0 0.696354 0.371296 0.080208 0.083333
1.0 0.897396 0.335185 0.063542 0.068519
1.0 0.556250 0.487963 0.109375 0.077778
2.0 0.934635 0.237500 0.023438 0.037963
