0.0 0.850260 0.906481 0.023438 0.044444
0.0 0.694271 0.490741 0.016667 0.042593
0.0 0.242448 0.243056 0.010937 0.045370
0.0 0.663281 0.475463 0.013021 0.045370
0.0 0.153906 0.533333 0.016146 0.050000
0.0 0.317969 0.478241 0.019271 0.041667
0.0 0.545833 0.468981 0.013542 0.041667
1.0 0.472656 0.097685 0.025521 0.065741
1.0 0.426823 0.087963 0.024479 0.057407
1.0 0.530729 0.219907 0.031250 0.078704
1.0 0.376823 0.174537 0.029687 0.080556
3.0 0.583073 0.138889 0.076563 0.224074
3.0 0.478646 0.188889 0.034375 0.135185
