0.0 0.605729 0.295833 0.009375 0.049074
0.0 0.812760 0.173611 0.010937 0.043519
0.0 0.715365 0.393981 0.015104 0.032407
0.0 0.405208 0.075463 0.008333 0.037963
0.0 0.692448 0.420833 0.010937 0.050926
0.0 0.818490 0.168981 0.011979 0.043519
0.0 0.857031 0.168981 0.011979 0.043519
1.0 0.700260 0.372685 0.079687 0.080556
1.0 0.226823 0.313426 0.043229 0.082407
1.0 0.191667 0.127778 0.042708 0.075926
1.0 0.912500 0.254630 0.076042 0.059259
1.0 0.205990 0.215741 0.024479 0.048148
2.0 0.521094 0.774074 0.032813 0.094444
