0.0 0.576823 0.588426 0.007812 0.056481
0.0 0.498698 0.712500 0.002604 0.060185
0.0 0.583073 0.632407 0.006771 0.057407
0.0 0.611198 0.330556 0.004687 0.053704
0.0 0.663281 0.621296 0.008854 0.062963
0.0 0.608073 0.580093 0.010937 0.049074
0.0 0.470052 0.019907 0.002604 0.032407
1.0 0.345313 0.403704 0.034375 0.096296
1.0 0.299219 0.632870 0.047396 0.119444
1.0 0.536458 0.942130 0.036458 0.115741
1.0 0.450781 0.409259 0.026562 0.081481
1.0 0.670573 0.931019 0.053646 0.137963
1.0 0.620833 0.037963 0.017708 0.051852
2.0 0.300000 0.736111 0.025000 0.053704
3.0 0.472396 0.798148 0.033333 0.198148
3.0 0.381510 0.491667 0.047396 0.150000
