0.0 0.455990 0.305556 0.006771 0.040741
0.0 0.120312 0.268519 0.013542 0.031481
0.0 0.435417 0.571759 0.011458 0.050926
0.0 0.530990 0.093056 0.011979 0.032407
0.0 0.245573 0.270370 0.011979 0.040741
1.0 0.645573 0.075000 0.034896 0.079630
1.0 0.917969 0.784259 0.085938 0.135185
1.0 0.132292 0.806019 0.147917 0.117593
1.0 0.174740 0.691204 0.118229 0.084259
1.0 0.804167 0.799074 0.101042 0.181481
2.0 0.110417 0.393056 0.039583 0.036111
2.0 0.607813 0.099537 0.010417 0.041667
2.0 0.078906 0.464815 0.031771 0.037037
3.0 0.750521 0.168056 0.037500 0.076852
