0.0 0.557552 0.304167 0.006771 0.039815
0.0 0.867969 0.269444 0.014063 0.031481
0.0 0.566146 0.599074 0.013542 0.051852
0.0 0.466667 0.087037 0.009375 0.031481
0.0 0.766927 0.270370 0.010937 0.040741
1.0 0.354427 0.075463 0.034896 0.078704
1.0 0.062760 0.877778 0.092188 0.198148
1.0 0.867708 0.806019 0.147917 0.117593
1.0 0.825260 0.691204 0.118229 0.084259
1.0 0.168490 0.864815 0.104688 0.201852
2.0 0.889063 0.393981 0.039583 0.036111
2.0 0.391667 0.100000 0.010417 0.040741
2.0 0.920573 0.464815 0.031771 0.037037
3.0 0.243490 0.189352 0.039062 0.080556
