0.0 0.068490 0.111574 0.013021 0.034259
0.0 0.790365 0.181019 0.011979 0.043519
0.0 0.400000 0.295833 0.008333 0.049074
0.0 0.771615 0.189352 0.009896 0.045370
0.0 0.053906 0.203704 0.017188 0.027778
1.0 0.346615 0.135185 0.051562 0.090741
1.0 0.684375 0.465741 0.089583 0.096296
1.0 0.659115 0.692593 0.118229 0.096296
1.0 0.867448 0.604630 0.108854 0.122222
1.0 0.305729 0.161111 0.035417 0.072222
1.0 0.928646 0.719444 0.095833 0.137037
2.0 0.323698 0.087500 0.009896 0.017593
3.0 0.875000 0.260648 0.093750 0.100926
