0.0 0.064583 0.386111 0.015625 0.035185
0.0 0.383854 0.768519 0.006250 0.025926
0.0 0.730469 0.404167 0.008854 0.036111
0.0 0.657031 0.539815 0.009896 0.040741
0.0 0.726042 0.073148 0.007292 0.025926
1.0 0.508333 0.674074 0.034375 0.066667
1.0 0.519792 0.917593 0.077083 0.162963
1.0 0.725260 0.646296 0.077604 0.116667
1.0 0.385677 0.519907 0.065104 0.065741
2.0 0.839323 0.134722 0.019271 0.021296
2.0 0.100781 0.667130 0.049479 0.037963
3.0 0.662240 0.641667 0.092188 0.157407
3.0 0.445573 0.710648 0.067187 0.139815
