0.0 0.709115 0.983796 0.014063 0.032407
0.0 0.607031 0.482407 0.009896 0.048148
0.0 0.348698 0.196759 0.006771 0.050926
0.0 0.586198 0.469444 0.005729 0.046296
0.0 0.298177 0.507870 0.009896 0.054630
0.0 0.401563 0.474074 0.010417 0.046296
0.0 0.517969 0.464352 0.006771 0.047222
1.0 0.483594 0.048148 0.015104 0.074074
1.0 0.456771 0.025000 0.014583 0.050000
1.0 0.517969 0.185648 0.018229 0.087963
1.0 0.427865 0.111574 0.017188 0.086111
3.0 0.548698 0.110185 0.045313 0.220370
3.0 0.487240 0.150926 0.020312 0.151852
