0.0 0.653906 0.562500 0.015104 0.039815
0.0 0.497917 0.650000 0.005208 0.042593
0.0 0.666406 0.593519 0.013021 0.040741
0.0 0.722656 0.381019 0.008854 0.037963
0.0 0.826823 0.586111 0.018229 0.044444
0.0 0.716406 0.556944 0.021354 0.034259
0.0 0.440885 0.161574 0.005729 0.023148
1.0 0.191406 0.432407 0.068229 0.068519
1.0 0.098958 0.593981 0.094792 0.084259
1.0 0.851823 0.132407 0.039062 0.035185
1.0 0.519792 0.917593 0.077083 0.162963
1.0 0.786198 0.888889 0.102604 0.168519
1.0 0.573438 0.846296 0.072917 0.150000
1.0 0.402083 0.436111 0.053125 0.057407
1.0 0.841146 0.836574 0.107292 0.162037
1.0 0.741927 0.174537 0.035937 0.036111
2.0 0.100781 0.667130 0.049479 0.037963
3.0 0.445573 0.710648 0.067187 0.139815
3.0 0.263802 0.494444 0.094271 0.105556
