0.0 0.540885 0.271296 0.016146 0.035185
0.0 0.151042 0.155093 0.010417 0.041667
0.0 0.499740 0.256019 0.005729 0.047222
1.0 0.714063 0.112500 0.032292 0.056481
1.0 0.638542 0.170833 0.034375 0.062037
1.0 0.129688 0.275463 0.069792 0.067593
1.0 0.657292 0.906019 0.072917 0.186111
1.0 0.689063 0.171296 0.045833 0.092593
1.0 0.787240 0.215741 0.048437 0.031481
1.0 0.717448 0.600926 0.063021 0.159259
1.0 0.664062 0.111574 0.038542 0.065741
1.0 0.374740 0.516204 0.071354 0.095370
1.0 0.556771 0.846759 0.120833 0.289815
1.0 0.733594 0.058796 0.029687 0.049074
2.0 0.065365 0.237037 0.023438 0.038889
