0.0 0.455208 0.273148 0.016667 0.035185
0.0 0.850000 0.154167 0.014583 0.039815
0.0 0.497396 0.259259 0.011458 0.046296
1.0 0.282813 0.105556 0.032292 0.055556
1.0 0.357552 0.162963 0.033854 0.061111
1.0 0.870052 0.275926 0.070312 0.066667
1.0 0.351562 0.928241 0.073958 0.141667
1.0 0.306771 0.162963 0.044792 0.090741
1.0 0.215104 0.256944 0.048958 0.089815
1.0 0.288542 0.632407 0.065625 0.168519
1.0 0.332292 0.104167 0.037500 0.063889
1.0 0.608854 0.537037 0.070833 0.098148
1.0 0.457031 0.870370 0.127604 0.257407
1.0 0.264062 0.053704 0.029167 0.048148
2.0 0.934635 0.237500 0.023438 0.037963
