0.0 0.923438 0.149074 0.014583 0.035185
0.0 0.187760 0.170833 0.013021 0.043519
0.0 0.498437 0.257407 0.014583 0.046296
0.0 0.206771 0.179167 0.011458 0.043519
0.0 0.937760 0.213426 0.015104 0.043519
0.0 0.936719 0.146759 0.014062 0.026852
1.0 0.652865 0.134259 0.051562 0.090741
1.0 0.124740 0.349074 0.078646 0.081481
1.0 0.664844 0.463426 0.058854 0.106481
1.0 0.438021 0.677315 0.123958 0.115741
1.0 0.694271 0.160648 0.035417 0.071296
2.0 0.676042 0.087037 0.010417 0.018519
3.0 0.083594 0.237963 0.092188 0.096296
