0.0 0.215905 0.704650 0.015581 0.060346
0.0 0.783575 0.555098 0.012465 0.057722
0.0 0.259532 0.840429 0.016620 0.059034
0.0 0.409110 0.865353 0.013504 0.056410
1.0 0.193832 0.669230 0.072192 0.104949
1.0 0.641528 0.500000 0.054534 0.128563
1.0 0.849535 0.023048 0.032201 0.046095
1.0 0.752933 0.773524 0.068557 0.148241
1.0 0.716576 0.871257 0.081022 0.191532
1.0 0.349123 0.662671 0.081541 0.120691
1.0 0.577386 0.938908 0.077905 0.122183
3.0 0.082427 0.514430 0.162043 0.293857
3.0 0.501559 0.320275 0.075828 0.118067
