0.0 0.923698 0.243519 0.018229 0.040741
0.0 0.104167 0.132870 0.010417 0.041667
0.0 0.345573 0.365278 0.009896 0.049074
0.0 0.114844 0.137037 0.014062 0.042593
0.0 0.898958 0.305556 0.011458 0.050000
1.0 0.715365 0.109259 0.032813 0.055556
1.0 0.472917 0.789815 0.055208 0.159259
1.0 0.652865 0.134259 0.051562 0.090741
1.0 0.120312 0.346296 0.079167 0.079630
1.0 0.763542 0.106944 0.033333 0.047222
1.0 0.723437 0.254167 0.042708 0.076852
1.0 0.694271 0.160648 0.035417 0.071296
2.0 0.676042 0.087037 0.010417 0.018519
2.0 0.671094 0.851389 0.027604 0.099074
3.0 0.083594 0.237963 0.092188 0.096296
