0.0 0.169271 0.412500 0.011458 0.039815
0.0 0.346615 0.793981 0.008854 0.030556
0.0 0.737240 0.499074 0.010937 0.042593
0.0 0.647135 0.551389 0.008854 0.043519
0.0 0.644792 0.080556 0.007292 0.022222
1.0 0.599740 0.544907 0.054688 0.086111
1.0 0.772917 0.162963 0.042708 0.040741
1.0 0.519792 0.917593 0.077083 0.162963
1.0 0.654688 0.382407 0.040625 0.068519
1.0 0.564063 0.821759 0.070833 0.143519
2.0 0.695312 0.197685 0.019792 0.026852
2.0 0.100260 0.667130 0.049479 0.037963
3.0 0.369792 0.405556 0.076042 0.081481
3.0 0.445312 0.709722 0.066667 0.139815
