0.0 0.469271 0.623148 0.010417 0.038889
0.0 0.612240 0.748611 0.011979 0.041667
0.0 0.428646 0.625463 0.009375 0.043519
0.0 0.347917 0.294444 0.007292 0.035185
0.0 0.215104 0.544907 0.013542 0.041667
0.0 0.147396 0.616204 0.019792 0.043519
0.0 0.414583 0.607870 0.017708 0.041667
0.0 0.652865 0.204167 0.006771 0.030556
1.0 0.576042 0.424537 0.066667 0.062037
1.0 0.244010 0.168981 0.028646 0.037963
1.0 0.361198 0.615741 0.069271 0.109259
1.0 0.393750 0.328241 0.044792 0.049074
1.0 0.356771 0.503241 0.055208 0.091667
1.0 0.287240 0.190278 0.036979 0.041667
2.0 0.602604 0.650926 0.033333 0.044444
3.0 0.186458 0.156944 0.102083 0.115741
3.0 0.471094 0.357407 0.070312 0.083333
