0.0 0.531250 0.263426 0.011458 0.036111
0.0 0.243229 0.142593 0.009375 0.042593
0.0 0.501563 0.248611 0.008333 0.049074
1.0 0.658333 0.096296 0.023958 0.059259
1.0 0.227083 0.267130 0.052083 0.069444
1.0 0.614062 0.917593 0.054167 0.164815
1.0 0.646875 0.157407 0.019792 0.094444
1.0 0.710938 0.237037 0.035417 0.090741
1.0 0.658594 0.612500 0.047396 0.167593
1.0 0.410417 0.521296 0.053125 0.100000
1.0 0.539062 0.859722 0.090625 0.280556
1.0 0.672396 0.041667 0.021875 0.050000
2.0 0.179427 0.227778 0.017187 0.038889
