0.0 0.698713 0.559449 0.011689 0.040203
0.0 0.551741 0.612054 0.005157 0.037637
0.0 0.703526 0.571424 0.010314 0.041913
0.0 0.728623 0.533359 0.012377 0.041057
0.0 0.751485 0.649690 0.018221 0.027372
0.0 0.522175 0.142026 0.003782 0.024806
1.0 0.286332 0.445256 0.039536 0.059876
1.0 0.516330 0.295138 0.033348 0.047046
1.0 0.513064 0.885774 0.050881 0.150546
1.0 0.688915 0.859257 0.067727 0.155678
1.0 0.548475 0.819909 0.048131 0.138570
1.0 0.725185 0.810928 0.070822 0.149690
2.0 0.426084 0.352876 0.017190 0.030793
2.0 0.236482 0.654395 0.032660 0.035070
3.0 0.464074 0.694597 0.044349 0.129162
