0.0 0.878125 0.383333 0.025000 0.046296
0.0 0.866927 0.384259 0.014063 0.051852
1.0 0.577865 0.491667 0.063021 0.129630
1.0 0.207292 0.398611 0.067708 0.075000
1.0 0.797917 0.184722 0.036458 0.062037
1.0 0.401823 0.379167 0.116146 0.093519
1.0 0.120573 0.347222 0.078646 0.079630
1.0 0.598698 0.259259 0.048438 0.087037
1.0 0.393229 0.481481 0.081250 0.087037
1.0 0.195833 0.312963 0.078125 0.068519
2.0 0.540365 0.337963 0.024479 0.040741
2.0 0.777865 0.105093 0.011979 0.036111
3.0 0.704427 0.320833 0.065104 0.130556
3.0 0.083594 0.238426 0.092188 0.097222
