0.0 0.146354 0.671759 0.014583 0.041667
0.0 0.776302 0.458333 0.010937 0.035185
0.0 0.367969 0.564815 0.008854 0.035185
0.0 0.161719 0.695370 0.018229 0.042593
0.0 0.117448 0.662037 0.008854 0.014815
1.0 0.564583 0.396296 0.044792 0.046296
1.0 0.351302 0.236111 0.038021 0.040741
1.0 0.482812 0.837963 0.065625 0.068519
1.0 0.256771 0.300926 0.042708 0.042593
1.0 0.437240 0.812963 0.061979 0.135185
2.0 0.436719 0.277315 0.018229 0.026852
2.0 0.839323 0.650463 0.042188 0.034259
3.0 0.818490 0.500000 0.081771 0.105556
3.0 0.546094 0.690278 0.056771 0.126852
