0.0 0.433594 0.700000 0.014062 0.044444
0.0 0.276042 0.737037 0.017708 0.042593
0.0 0.530990 0.653704 0.007812 0.042593
0.0 0.642969 0.282407 0.007812 0.033333
0.0 0.746615 0.532407 0.009896 0.040741
0.0 0.786719 0.553704 0.017188 0.042593
0.0 0.494010 0.697222 0.020313 0.040741
0.0 0.271615 0.241204 0.007812 0.032407
1.0 0.517969 0.374537 0.060938 0.056481
1.0 0.505990 0.451852 0.067187 0.062963
1.0 0.686458 0.284259 0.041667 0.046296
1.0 0.618490 0.425926 0.034896 0.075926
3.0 0.599219 0.320370 0.067187 0.079630
