0 0.408073 0.290278 0.005729 0.049074
0 0.255729 0.202778 0.012500 0.044444
0 0.193229 0.525463 0.028125 0.039815
0 0.583073 0.091204 0.007812 0.028704
0 0.216927 0.556019 0.017188 0.062037
0 0.141667 0.151852 0.013542 0.040741
0 0.240104 0.215741 0.012500 0.044444
1 0.616406 0.222685 0.047396 0.082407
1 0.772135 0.078704 0.040104 0.066667
1 0.652083 0.910185 0.087500 0.177778
1 0.747917 0.437500 0.067708 0.145370
1 0.402344 0.433796 0.096354 0.093519
1 0.710417 0.654630 0.040625 0.087037
2 0.662760 0.262500 0.014063 0.041667