0.0 0.756510 0.408333 0.008854 0.022222
0.0 0.561458 0.381481 0.008333 0.029630
0.0 0.279427 0.562963 0.015104 0.037037
0.0 0.367448 0.470370 0.005729 0.020370
0.0 0.680990 0.415278 0.007812 0.032407
0.0 0.692187 0.429630 0.009375 0.031481
1.0 0.578125 0.324074 0.028125 0.044444
1.0 0.489323 0.522222 0.056771 0.083333
1.0 0.705990 0.238426 0.019271 0.028704
2.0 0.684896 0.350000 0.009375 0.025926
2.0 0.607552 0.346759 0.008854 0.025000
2.0 0.478906 0.663426 0.017187 0.060185
3.0 0.654687 0.311111 0.034375 0.062963
3.0 0.639323 0.570833 0.078646 0.195370
