0.0 0.446859 0.579261 0.009464 0.042219
0.0 0.505096 0.298066 0.006552 0.035847
1.0 0.655055 0.143130 0.013103 0.031863
1.0 0.676529 0.709502 0.059693 0.208706
1.0 0.670160 0.207255 0.021475 0.043812
1.0 0.336756 0.419544 0.047681 0.052575
1.0 0.602096 0.144723 0.019291 0.050981
1.0 0.358594 0.772433 0.096454 0.101963
1.0 0.376794 0.671664 0.078983 0.074082
1.0 0.227198 0.475306 0.064424 0.057354
2.0 0.413191 0.419147 0.025114 0.031067
2.0 0.550047 0.472917 0.019291 0.033457
3.0 0.631578 0.355818 0.033122 0.125860
