0 0.729688 0.101389 0.007292 0.026852
0 0.912760 0.621759 0.022396 0.045370
0 0.161198 0.361111 0.013021 0.038889
0 0.796094 0.483333 0.015104 0.038889
1 0.092969 0.480556 0.090104 0.072222
1 0.050521 0.623148 0.079167 0.081481
1 0.719010 0.188426 0.047396 0.041667
1 0.103385 0.663889 0.102604 0.090741
1 0.786198 0.896759 0.108854 0.184259
2 0.257292 0.594907 0.041667 0.036111
2 0.353906 0.405556 0.030729 0.033333
3 0.545573 0.919907 0.114062 0.158333
3 0.342708 0.351389 0.111458 0.104630
3 0.210156 0.524074 0.107813 0.100000