0.0 0.726302 0.150463 0.007812 0.054630
0.0 0.440885 0.201389 0.005729 0.056481
0.0 0.410938 0.327778 0.008333 0.062963
0.0 0.418229 0.351389 0.004167 0.039815
0.0 0.301563 0.069907 0.007292 0.052778
0.0 0.608073 0.294907 0.005729 0.062037
0.0 0.716927 0.213889 0.007812 0.029630
0.0 0.735677 0.015741 0.006771 0.031481
1.0 0.578906 0.070833 0.020313 0.076852
1.0 0.633594 0.393056 0.026562 0.125000
2.0 0.581510 0.652315 0.016146 0.075000
2.0 0.601042 0.108796 0.006250 0.045370
3.0 0.497135 0.670833 0.080729 0.219444
