0.0 0.531486 0.274645 0.021775 0.037709
0.0 0.835454 0.188005 0.014124 0.042198
0.0 0.565325 0.263870 0.010593 0.044891
1.0 0.567680 0.624350 0.092986 0.146346
1.0 0.301965 0.228855 0.046493 0.071826
1.0 0.432909 0.324474 0.062382 0.076316
1.0 0.918141 0.282725 0.079449 0.064644
1.0 0.225163 0.468127 0.052966 0.092476
1.0 0.347869 0.328514 0.067680 0.120309
1.0 0.144537 0.114382 0.043551 0.061950
1.0 0.191028 0.320883 0.049435 0.087090
1.0 0.368467 0.228855 0.053555 0.080804
1.0 0.884007 0.374304 0.073564 0.070030
1.0 0.304612 0.434458 0.082393 0.140061
1.0 0.271361 0.158376 0.040607 0.060155
2.0 0.988937 0.245465 0.022126 0.036811
