0.0 0.654948 0.444907 0.015104 0.037963
0.0 0.699740 0.462963 0.013021 0.038889
0.0 0.671354 0.451852 0.010417 0.046296
0.0 0.653385 0.458333 0.013021 0.046296
0.0 0.758333 0.559722 0.018750 0.049074
0.0 0.438542 0.336111 0.010417 0.037037
0.0 0.778125 0.222222 0.010417 0.033333
1.0 0.385677 0.221759 0.030729 0.050926
1.0 0.355208 0.148611 0.023958 0.039815
1.0 0.829948 0.293981 0.051562 0.052778
1.0 0.784896 0.381019 0.062500 0.054630
2.0 0.835938 0.146296 0.010417 0.016667
3.0 0.348958 0.219444 0.045833 0.081481
