0 0.170833 0.373611 0.010417 0.030556
0 0.582552 0.589815 0.009896 0.042593
0 0.177604 0.403241 0.012500 0.037963
0 0.202604 0.501389 0.011458 0.041667
1 0.381510 0.346296 0.029687 0.040741
1 0.635156 0.267130 0.054688 0.050926
1 0.809635 0.220370 0.038021 0.040741
1 0.094271 0.598148 0.103125 0.087037
1 0.784635 0.879630 0.102604 0.174074
1 0.609375 0.562037 0.060417 0.096296
1 0.715625 0.189815 0.040625 0.040741
1 0.740365 0.216667 0.043229 0.040741
1 0.513021 0.277315 0.062500 0.069444
3 0.104688 0.652315 0.095833 0.104630