0.0 0.102344 0.298148 0.016146 0.042593
0.0 0.937500 0.111574 0.011458 0.039815
0.0 0.765104 0.451389 0.014583 0.054630
0.0 0.919531 0.120833 0.013021 0.041667
0.0 0.132812 0.375463 0.017708 0.052778
1.0 0.315365 0.193519 0.039062 0.070370
1.0 0.693750 0.459722 0.071875 0.080556
1.0 0.267708 0.520370 0.057292 0.124074
1.0 0.389583 0.231019 0.062500 0.112037
1.0 0.879427 0.347222 0.078646 0.079630
1.0 0.336719 0.113889 0.035937 0.062963
1.0 0.206510 0.087037 0.031771 0.050000
1.0 0.347135 0.275463 0.043229 0.089815
1.0 0.525000 0.515741 0.082292 0.122222
2.0 0.358594 0.169444 0.010937 0.027778
2.0 0.235156 0.366667 0.017188 0.053704
3.0 0.454948 0.867130 0.125521 0.263889
3.0 0.916406 0.238426 0.092188 0.097222
