0.0 0.922396 0.190741 0.014583 0.038889
0.0 0.154688 0.155556 0.012500 0.042593
0.0 0.430990 0.281019 0.013021 0.049074
0.0 0.176042 0.165278 0.012500 0.041667
0.0 0.925260 0.244907 0.014062 0.041667
0.0 0.939063 0.118519 0.014583 0.025926
1.0 0.652865 0.134259 0.051562 0.090741
1.0 0.120312 0.346296 0.079167 0.079630
1.0 0.714063 0.288426 0.044792 0.073148
1.0 0.615365 0.545833 0.088021 0.126852
1.0 0.684896 0.160648 0.016667 0.071296
2.0 0.676042 0.087037 0.010417 0.018519
3.0 0.083594 0.237963 0.092188 0.096296
