0.0 0.466796 0.601613 0.006820 0.038497
0.0 0.557255 0.709045 0.009692 0.040287
0.0 0.450822 0.621309 0.006461 0.042078
0.0 0.391951 0.307070 0.005026 0.034915
0.0 0.304004 0.543868 0.008615 0.039392
0.0 0.240467 0.630709 0.012205 0.041183
0.0 0.430181 0.588632 0.014000 0.037601
0.0 0.592254 0.205009 0.004308 0.029544
1.0 0.580229 0.447179 0.047743 0.062669
1.0 0.319081 0.179942 0.028718 0.036706
1.0 0.377054 0.683082 0.053486 0.119070
1.0 0.426771 0.333928 0.030871 0.047449
1.0 0.374721 0.569383 0.048102 0.101165
1.0 0.353363 0.200534 0.025486 0.040287
2.0 0.614510 0.602508 0.026564 0.036706
3.0 0.268287 0.154875 0.058512 0.108327
3.0 0.494436 0.372873 0.049178 0.082364
