0.0 0.563371 0.287011 0.005613 0.054252
0.0 0.678000 0.143343 0.006795 0.046215
0.0 0.622163 0.384965 0.008568 0.035163
0.0 0.444015 0.032327 0.005022 0.041191
0.0 0.607834 0.414603 0.005909 0.056262
0.0 0.681989 0.139827 0.006499 0.047220
0.0 0.704590 0.137818 0.007386 0.047220
1.0 0.634276 0.340258 0.044020 0.084392
1.0 0.366167 0.016917 0.010636 0.033835
1.0 0.341351 0.260387 0.023044 0.083388
1.0 0.322886 0.073518 0.023340 0.077359
1.0 0.733986 0.233764 0.043134 0.064298
1.0 0.330420 0.162432 0.013590 0.050233
2.0 0.531760 0.902871 0.021567 0.116541
