0.0 0.482292 0.632870 0.010417 0.039815
0.0 0.627865 0.757870 0.014062 0.039815
0.0 0.428646 0.625000 0.009375 0.044444
0.0 0.350260 0.290741 0.006771 0.035185
0.0 0.214844 0.543981 0.014062 0.041667
0.0 0.157813 0.606481 0.020833 0.042593
0.0 0.413542 0.624537 0.015625 0.043519
0.0 0.662240 0.208333 0.006771 0.031481
1.0 0.560937 0.416667 0.065625 0.061111
1.0 0.251563 0.168519 0.013542 0.027778
1.0 0.382292 0.577315 0.065625 0.100926
1.0 0.393490 0.328241 0.045312 0.049074
1.0 0.364062 0.482870 0.050000 0.087963
1.0 0.287240 0.190278 0.036979 0.041667
2.0 0.576042 0.681019 0.030208 0.052778
3.0 0.200521 0.163426 0.103125 0.117593
3.0 0.471094 0.356481 0.070312 0.083333
