0.0 0.507163 0.240493 0.015315 0.040390
0.0 0.795187 0.142041 0.013339 0.045439
0.0 0.539029 0.233425 0.007904 0.050487
1.0 0.526678 0.793839 0.067189 0.208010
1.0 0.321653 0.156683 0.036559 0.074722
1.0 0.408604 0.246047 0.044463 0.079771
1.0 0.851012 0.255639 0.066694 0.072703
1.0 0.287071 0.567149 0.049403 0.122180
1.0 0.352778 0.245542 0.051380 0.121171
1.0 0.208024 0.104681 0.038535 0.073713
1.0 0.252982 0.370247 0.045452 0.114103
1.0 0.375009 0.157188 0.042487 0.083810
1.0 0.770732 0.394481 0.064224 0.081790
1.0 0.359694 0.524739 0.077070 0.186805
1.0 0.298680 0.084990 0.032112 0.062604
2.0 0.912273 0.213734 0.022232 0.041400
