0.0 0.552344 0.599074 0.010938 0.042593
0.0 0.424219 0.707870 0.014063 0.045370
0.0 0.570833 0.625000 0.009375 0.044444
0.0 0.658594 0.302778 0.007812 0.035185
0.0 0.784115 0.543981 0.013021 0.041667
0.0 0.882812 0.638889 0.016667 0.044444
0.0 0.605990 0.584722 0.021354 0.036111
0.0 0.371615 0.193056 0.006771 0.030556
1.0 0.373437 0.450000 0.069792 0.066667
1.0 0.762240 0.168056 0.042188 0.037963
1.0 0.677865 0.689352 0.077604 0.123148
1.0 0.601042 0.331019 0.044792 0.049074
1.0 0.691667 0.587500 0.071875 0.106481
1.0 0.712240 0.190278 0.036979 0.041667
2.0 0.319792 0.602315 0.038542 0.037963
3.0 0.839583 0.140741 0.079167 0.111111
