0.0 0.746354 0.534259 0.014583 0.038889
0.0 0.535417 0.638426 0.011458 0.039815
0.0 0.755729 0.528704 0.012500 0.040741
0.0 0.804948 0.473148 0.014063 0.042593
0.0 0.816146 0.585185 0.023958 0.027778
0.0 0.502083 0.127778 0.005208 0.027778
1.0 0.424479 0.324537 0.055208 0.056481
1.0 0.519792 0.917593 0.077083 0.162963
1.0 0.786198 0.888889 0.102604 0.168519
1.0 0.573438 0.846296 0.072917 0.150000
1.0 0.124479 0.581944 0.069792 0.073148
1.0 0.841146 0.836574 0.107292 0.162037
1.0 0.860677 0.127315 0.026562 0.034259
2.0 0.268229 0.395370 0.030208 0.035185
2.0 0.100781 0.667130 0.049479 0.037963
3.0 0.445573 0.710648 0.067187 0.139815
