0.0 0.929167 0.130093 0.013542 0.036111
0.0 0.212240 0.181944 0.010938 0.043519
0.0 0.554167 0.281019 0.007292 0.049074
0.0 0.221615 0.186111 0.010937 0.044444
0.0 0.949219 0.187500 0.013021 0.043519
0.0 0.935938 0.180556 0.017708 0.025926
1.0 0.652865 0.134259 0.051562 0.090741
1.0 0.194792 0.393519 0.079167 0.085185
1.0 0.530990 0.629167 0.103646 0.112037
1.0 0.257292 0.681944 0.130208 0.106481
1.0 0.694271 0.160648 0.035417 0.071296
1.0 0.130469 0.872685 0.078646 0.189815
2.0 0.676042 0.087037 0.010417 0.018519
3.0 0.083594 0.237963 0.092188 0.096296
