0.0 0.601302 0.360185 0.006771 0.033333
0.0 0.786979 0.298148 0.013542 0.029630
0.0 0.814583 0.501389 0.032292 0.025000
0.0 0.415104 0.230556 0.008333 0.011111
0.0 0.784115 0.517130 0.016146 0.037963
0.0 0.878385 0.272685 0.015104 0.026852
0.0 0.804688 0.306019 0.012500 0.030556
1.0 0.384375 0.332870 0.055208 0.058333
1.0 0.194010 0.206944 0.042188 0.043519
1.0 0.308333 0.714815 0.088542 0.137037
1.0 0.215625 0.423611 0.069792 0.087963
1.0 0.655208 0.436111 0.106250 0.051852
1.0 0.251563 0.551389 0.041667 0.052778
2.0 0.334375 0.365741 0.016667 0.029630
