0.0 0.832292 0.286574 0.013542 0.045370
0.0 0.133854 0.089815 0.009375 0.042593
0.0 0.277865 0.448148 0.011979 0.057407
0.0 0.148698 0.099537 0.010938 0.043519
0.0 0.807031 0.368519 0.015104 0.055556
1.0 0.654167 0.176389 0.032292 0.075000
1.0 0.337760 0.457407 0.059896 0.085185
1.0 0.694271 0.520833 0.047917 0.130556
1.0 0.592188 0.215741 0.052083 0.118519
1.0 0.182292 0.338426 0.065625 0.084259
1.0 0.636458 0.092593 0.030208 0.066667
1.0 0.745052 0.064352 0.026562 0.052778
1.0 0.627604 0.262963 0.036458 0.094444
1.0 0.478646 0.516204 0.068750 0.128704
2.0 0.617969 0.150926 0.008854 0.029630
2.0 0.721354 0.358796 0.014583 0.056481
3.0 0.537500 0.873611 0.105208 0.252778
3.0 0.151562 0.223611 0.077083 0.102778
