0.0 0.104687 0.316667 0.012500 0.044444
0.0 0.946615 0.107407 0.010937 0.031481
0.0 0.926562 0.115278 0.012500 0.041667
0.0 0.132292 0.375000 0.018750 0.053704
1.0 0.329688 0.233333 0.041667 0.077778
1.0 0.742969 0.429630 0.069271 0.077778
1.0 0.247917 0.420370 0.051042 0.103704
1.0 0.419010 0.288889 0.085938 0.120370
1.0 0.879167 0.346296 0.079167 0.079630
1.0 0.351042 0.145370 0.038542 0.068519
1.0 0.179688 0.061111 0.030208 0.044444
1.0 0.372917 0.343056 0.054167 0.099074
1.0 0.590365 0.419907 0.089063 0.060185
2.0 0.376042 0.210648 0.011458 0.036111
2.0 0.220833 0.293981 0.015625 0.049074
3.0 0.403646 0.711574 0.105208 0.243519
3.0 0.915885 0.237963 0.092188 0.096296
