0.0 0.408073 0.290278 0.005729 0.049074
0.0 0.251042 0.200926 0.011458 0.044444
0.0 0.196615 0.517593 0.029687 0.037037
0.0 0.580990 0.092130 0.008854 0.025000
0.0 0.226042 0.547222 0.018750 0.059259
0.0 0.145313 0.153241 0.014583 0.039815
0.0 0.235156 0.215278 0.010937 0.045370
1.0 0.614583 0.227315 0.047917 0.082407
1.0 0.773177 0.074537 0.040104 0.065741
1.0 0.655469 0.899074 0.088021 0.200000
1.0 0.749740 0.426389 0.067187 0.141667
1.0 0.394010 0.427315 0.095312 0.091667
1.0 0.713802 0.638426 0.040104 0.084259
2.0 0.660677 0.268981 0.014063 0.041667
