0 0.733594 0.430093 0.011979 0.045370
0 0.747656 0.357870 0.011979 0.045370
0 0.235417 0.579167 0.015625 0.045370
0 0.750521 0.269907 0.011458 0.047222
0 0.157031 0.791204 0.021354 0.047222
0 0.400000 0.058333 0.007292 0.040741
1 0.521354 0.212037 0.030208 0.092593
1 0.510417 0.436574 0.036458 0.115741
1 0.573177 0.507870 0.036979 0.104630
1 0.469792 0.205093 0.033333 0.089815
1 0.326823 0.695833 0.085938 0.123148
1 0.661458 0.946296 0.057292 0.105556
3 0.416927 0.138889 0.076563 0.224074
3 0.245052 0.942593 0.116146 0.112963
3 0.579167 0.211574 0.039583 0.112037
3 0.494010 0.703704 0.052604 0.238889
