0 0.918229 0.252315 0.015625 0.026852
0 0.091146 0.127315 0.011458 0.041667
0 0.322656 0.406481 0.013021 0.053704
0 0.100260 0.131481 0.011979 0.042593
0 0.890365 0.327778 0.015104 0.051852
1 0.715365 0.109722 0.032813 0.056481
1 0.433073 0.612963 0.068229 0.120370
1 0.648698 0.922685 0.083854 0.152778
1 0.653385 0.135185 0.051562 0.090741
1 0.120573 0.347222 0.078646 0.079630
1 0.774740 0.069444 0.030729 0.042593
1 0.740625 0.193981 0.038542 0.065741
1 0.694271 0.161111 0.035417 0.072222
1 0.521875 0.933333 0.073958 0.131481
2 0.676302 0.087500 0.009896 0.017593
2 0.707292 0.666667 0.022917 0.075926
3 0.083594 0.238426 0.092188 0.097222