0 0.897656 0.299537 0.016146 0.041667
0 0.063021 0.111111 0.012500 0.040741
0 0.079427 0.119907 0.013021 0.039815
0 0.867188 0.375463 0.017708 0.052778
1 0.683333 0.198611 0.039583 0.071296
1 0.297396 0.454167 0.071875 0.080556
1 0.734896 0.507407 0.056250 0.122222
1 0.607552 0.237963 0.064062 0.112963
1 0.120573 0.347222 0.078646 0.079630
1 0.661979 0.117593 0.036458 0.064815
1 0.796615 0.084259 0.031771 0.050000
1 0.650260 0.282870 0.043229 0.089815
1 0.467969 0.504630 0.085938 0.116667
2 0.639323 0.175000 0.010937 0.029630
2 0.766927 0.357407 0.017188 0.053704
3 0.552083 0.857407 0.122917 0.283333
3 0.083594 0.238426 0.092188 0.097222