0 0.361979 0.352778 0.019792 0.046296
0 0.214062 0.463426 0.017708 0.050926
0 0.222917 0.504167 0.016667 0.056481
0 0.242188 0.525463 0.019792 0.058333
0 0.423438 0.256019 0.009375 0.045370
0 0.222917 0.186111 0.011458 0.044444
1 0.689323 0.060185 0.032813 0.050000
1 0.188542 0.387963 0.085417 0.077778
1 0.295833 0.454167 0.087500 0.086111
1 0.213542 0.321759 0.060417 0.063889
1 0.129948 0.275926 0.070312 0.066667
1 0.303646 0.371296 0.080208 0.083333
1 0.102604 0.335185 0.063542 0.068519
1 0.443750 0.487963 0.109375 0.077778
2 0.065365 0.237500 0.023438 0.037963