0 0.896615 0.352778 0.017188 0.040741
0 0.599479 0.307407 0.010417 0.046296
0 0.153125 0.612500 0.022917 0.058333
0 0.297135 0.443056 0.007812 0.032407
0 0.781250 0.362963 0.012500 0.051852
0 0.791146 0.385185 0.017708 0.050000
1 0.617708 0.222222 0.044792 0.074074
1 0.644271 0.947222 0.071875 0.103704
1 0.469792 0.512500 0.092708 0.126852
1 0.821615 0.065278 0.029687 0.045370
2 0.789583 0.242130 0.014583 0.041667
2 0.663281 0.260648 0.014063 0.041667
2 0.461979 0.724537 0.028125 0.093519
3 0.743490 0.179630 0.051562 0.100000
3 0.722656 0.585648 0.118229 0.306481