0 0.879948 0.374074 0.015104 0.050000
0 0.614583 0.313426 0.010417 0.049074
0 0.104167 0.687963 0.025000 0.053704
0 0.293750 0.405556 0.006250 0.031481
0 0.781250 0.350926 0.011458 0.029630
0 0.749219 0.344444 0.007812 0.016667
1 0.576562 0.302778 0.063542 0.085185
1 0.679427 0.791667 0.078646 0.207407
1 0.364844 0.407870 0.096354 0.080556
2 0.802344 0.175463 0.013021 0.037963
2 0.627083 0.362500 0.017708 0.049074
2 0.388021 0.528241 0.034375 0.067593
3 0.761979 0.112963 0.045833 0.087037
3 0.742708 0.479630 0.105208 0.261111