0 0.363802 0.351389 0.020313 0.041667
0 0.215104 0.512500 0.019792 0.058333
0 0.185938 0.559259 0.025000 0.061111
0 0.176042 0.624537 0.023958 0.065741
0 0.345052 0.242593 0.009896 0.044444
0 0.287760 0.216204 0.011979 0.045370
1 0.188542 0.387963 0.085417 0.077778
1 0.295833 0.454167 0.087500 0.086111
1 0.213542 0.321759 0.060417 0.063889
1 0.129948 0.275926 0.070312 0.066667
1 0.052865 0.694907 0.105729 0.150926
1 0.303646 0.371296 0.080208 0.083333
1 0.102604 0.335185 0.063542 0.068519
1 0.443750 0.487963 0.109375 0.077778
2 0.065365 0.237500 0.023438 0.037963