0 0.890365 0.358333 0.018229 0.050000
0 0.611719 0.312963 0.009896 0.048148
0 0.137500 0.640741 0.025000 0.061111
0 0.301823 0.425463 0.007812 0.032407
0 0.782552 0.362963 0.010937 0.051852
0 0.772917 0.379630 0.015625 0.050000
1 0.610417 0.238426 0.045833 0.076852
1 0.649479 0.916667 0.084375 0.164815
1 0.444271 0.476389 0.092708 0.113889
1 0.823958 0.052778 0.029167 0.044444
2 0.794010 0.219444 0.014063 0.040741
2 0.654687 0.285185 0.014583 0.042593
2 0.447396 0.659259 0.029167 0.085185
3 0.748958 0.160185 0.050000 0.096296
3 0.728385 0.553704 0.114062 0.292593