0 0.928125 0.138889 0.014583 0.035185
0 0.205990 0.179630 0.010937 0.044444
0 0.530990 0.271296 0.005729 0.048148
0 0.217708 0.184259 0.011458 0.044444
0 0.946615 0.199537 0.015104 0.043519
0 0.934635 0.165741 0.016146 0.025926
1 0.653385 0.135185 0.051562 0.090741
1 0.166927 0.375463 0.080729 0.084259
1 0.598958 0.568981 0.087500 0.113889
1 0.327083 0.693056 0.130208 0.097222
1 0.694271 0.161111 0.035417 0.072222
1 0.136198 0.928704 0.076563 0.140741
2 0.676302 0.087500 0.009896 0.017593
3 0.083594 0.238426 0.092188 0.097222