0 0.895573 0.312500 0.014063 0.043519
0 0.054948 0.108333 0.011979 0.033333
0 0.074219 0.117130 0.013021 0.041667
0 0.867708 0.375463 0.017708 0.052778
1 0.673698 0.224537 0.041146 0.075000
1 0.267969 0.435648 0.067187 0.078704
1 0.747396 0.443056 0.052083 0.108333
1 0.588802 0.275926 0.079687 0.120370
1 0.120573 0.347222 0.078646 0.079630
1 0.652344 0.138426 0.038021 0.067593
1 0.813802 0.067593 0.030729 0.046296
1 0.633854 0.327315 0.048958 0.097222
1 0.426302 0.451852 0.086979 0.100000
2 0.628125 0.201852 0.011458 0.035185
2 0.775781 0.311111 0.016146 0.050000
3 0.585417 0.750000 0.109375 0.259259
3 0.083594 0.238426 0.092188 0.097222