0 0.933333 0.095370 0.011458 0.033333
0 0.202604 0.178704 0.011458 0.042593
0 0.639323 0.308333 0.007812 0.048148
0 0.245052 0.197685 0.013021 0.045370
0 0.948958 0.222685 0.016667 0.026852
1 0.057031 0.309722 0.073438 0.067593
1 0.653385 0.135185 0.051562 0.090741
1 0.418229 0.485648 0.092708 0.082407
1 0.215885 0.667130 0.108854 0.113889
1 0.062500 0.549537 0.103125 0.112037
1 0.118750 0.821296 0.081250 0.181481
1 0.694271 0.161111 0.035417 0.072222
2 0.676302 0.087500 0.009896 0.017593
3 0.185938 0.293519 0.096875 0.105556