0 0.135156 0.374537 0.014063 0.036111
0 0.565104 0.626852 0.011458 0.044444
0 0.160417 0.372222 0.012500 0.037037
0 0.196875 0.462500 0.012500 0.041667
1 0.285156 0.391204 0.031771 0.043519
1 0.052344 0.619444 0.104688 0.088889
1 0.563281 0.302315 0.058854 0.054630
1 0.852083 0.187963 0.013542 0.024074
1 0.227865 0.529167 0.089063 0.065741
1 0.784635 0.879630 0.102604 0.174074
1 0.523958 0.462500 0.063542 0.065741
1 0.715625 0.189815 0.040625 0.040741
1 0.740365 0.216667 0.043229 0.040741
1 0.086979 0.674537 0.076042 0.082407
1 0.431510 0.314352 0.067187 0.075000
3 0.245573 0.593519 0.083854 0.075926