0 0.865365 0.270833 0.008854 0.036111
0 0.146354 0.224537 0.010417 0.025000
0 0.255469 0.274074 0.007812 0.037037
0 0.600521 0.129167 0.008333 0.019444
0 0.269010 0.275000 0.014063 0.027778
1 0.687240 0.190741 0.028646 0.048148
1 0.673177 0.427778 0.043229 0.083333
1 0.717187 0.082870 0.016667 0.032407
1 0.128646 0.098611 0.048958 0.047222
1 0.235937 0.376852 0.063542 0.062963
1 0.670573 0.244444 0.029687 0.055556
1 0.651823 0.178241 0.023438 0.045370
1 0.700000 0.146759 0.027083 0.043519
1 0.054427 0.150926 0.055729 0.042593
1 0.158594 0.338889 0.066146 0.050000
1 0.632552 0.222222 0.035937 0.072222
2 0.101562 0.548148 0.034375 0.042593