0 0.915365 0.690278 0.017188 0.045370
0 0.174740 0.454630 0.013021 0.038889
0 0.655208 0.572222 0.010417 0.038889
0 0.897656 0.716204 0.021354 0.047222
0 0.949479 0.679630 0.010417 0.016667
1 0.423698 0.385648 0.052604 0.050926
1 0.674479 0.209259 0.044792 0.044444
1 0.519792 0.917593 0.077083 0.162963
1 0.785937 0.280556 0.050000 0.046296
1 0.573438 0.846296 0.072917 0.150000
2 0.574219 0.254630 0.021354 0.029630
2 0.100781 0.667130 0.049479 0.037963
3 0.125260 0.500463 0.096354 0.115741
3 0.445573 0.710648 0.067187 0.139815