0 0.925260 0.239815 0.017188 0.040741
0 0.110677 0.136574 0.013021 0.041667
0 0.354167 0.356944 0.010417 0.052778
0 0.121094 0.141667 0.014063 0.042593
1 0.715365 0.109722 0.032813 0.056481
1 0.477604 0.875463 0.054167 0.176852
1 0.653385 0.135185 0.051562 0.090741
1 0.120573 0.347222 0.078646 0.079630
1 0.759896 0.123611 0.033333 0.049074
1 0.716927 0.279167 0.044271 0.082407
1 0.694271 0.161111 0.035417 0.072222
2 0.676302 0.087500 0.009896 0.017593
2 0.654427 0.935648 0.029687 0.110185
3 0.083594 0.238426 0.092188 0.097222