0 0.871615 0.203704 0.008854 0.031481
0 0.204687 0.246759 0.016667 0.023148
0 0.192708 0.250000 0.009375 0.035185
0 0.582292 0.164815 0.008333 0.020370
0 0.306250 0.292593 0.012500 0.027778
1 0.698958 0.150926 0.026042 0.040741
1 0.444792 0.696296 0.100000 0.094444
1 0.062500 0.170370 0.050000 0.037037
1 0.235937 0.376852 0.063542 0.062963
1 0.670573 0.244444 0.029687 0.055556
1 0.747656 0.091204 0.017188 0.030556
1 0.676042 0.112500 0.020833 0.037963
1 0.121354 0.085648 0.039583 0.037963
1 0.717969 0.069907 0.020313 0.034259
1 0.144010 0.095370 0.045312 0.033333
1 0.158594 0.338889 0.066146 0.050000
1 0.640885 0.200000 0.033854 0.068519
1 0.773698 0.141667 0.023438 0.037037