0 0.922135 0.157407 0.014063 0.037037
0 0.179948 0.168056 0.013021 0.043519
0 0.484115 0.263426 0.013021 0.045370
0 0.200521 0.175926 0.011458 0.044444
0 0.934896 0.222222 0.015625 0.046296
0 0.938542 0.141204 0.014583 0.026852
1 0.732552 0.062037 0.029687 0.050000
1 0.653385 0.135185 0.051562 0.090741
1 0.120573 0.347222 0.078646 0.079630
1 0.679948 0.416204 0.050521 0.097222
1 0.482292 0.658333 0.119792 0.120370
1 0.694271 0.161111 0.035417 0.072222
2 0.676302 0.087500 0.009896 0.017593
3 0.083594 0.238426 0.092188 0.097222