0 0.922396 0.247222 0.018750 0.037037
0 0.101042 0.132407 0.012500 0.040741
0 0.338542 0.376389 0.013542 0.054630
0 0.110417 0.135648 0.012500 0.041667
0 0.895833 0.311574 0.014583 0.049074
1 0.715365 0.109722 0.032813 0.056481
1 0.466406 0.735648 0.056771 0.147222
1 0.653385 0.135185 0.051562 0.090741
1 0.120573 0.347222 0.078646 0.079630
1 0.766927 0.097222 0.031771 0.046296
1 0.728385 0.237037 0.041146 0.074074
1 0.694271 0.161111 0.035417 0.072222
2 0.676302 0.087500 0.009896 0.017593
2 0.681771 0.797685 0.026042 0.091667
3 0.083594 0.238426 0.092188 0.097222