0 0.695312 0.114815 0.007292 0.027778
0 0.161198 0.361111 0.013021 0.038889
0 0.847656 0.548611 0.017188 0.043519
1 0.232552 0.528241 0.064062 0.065741
1 0.120573 0.653704 0.100521 0.088889
1 0.719010 0.188426 0.047396 0.041667
1 0.268750 0.597685 0.086458 0.063889
1 0.786198 0.896759 0.108854 0.184259
2 0.413281 0.668981 0.029687 0.052778
2 0.185938 0.488426 0.037500 0.036111
3 0.545573 0.919907 0.114062 0.158333
3 0.177604 0.428704 0.132292 0.116667
3 0.393229 0.506481 0.091667 0.114815
3 0.069010 0.598148 0.128646 0.112963