0 0.822396 0.411111 0.012500 0.042593
0 0.360938 0.337963 0.008333 0.037037
0 0.164844 0.793519 0.021354 0.051852
0 0.630469 0.077315 0.001563 0.012037
0 0.370833 0.319907 0.014583 0.032407
1 0.665104 0.263889 0.033333 0.059259
1 0.325260 0.489815 0.057813 0.062963
1 0.740365 0.129167 0.024479 0.036111
1 0.688281 0.072685 0.018229 0.032407
1 0.696354 0.157407 0.021875 0.040741
1 0.717969 0.074537 0.018229 0.032407
1 0.134896 0.325926 0.059375 0.057407
1 0.705729 0.585185 0.042708 0.096296
1 0.486458 0.668519 0.071875 0.135185
1 0.641927 0.338426 0.035937 0.071296
1 0.728125 0.453704 0.025000 0.051852
1 0.123438 0.087037 0.042708 0.035185
1 0.707031 0.121759 0.022396 0.037963
1 0.625260 0.247685 0.028646 0.054630
1 0.662500 0.152315 0.027083 0.043519
1 0.682031 0.206019 0.030729 0.052778
1 0.059635 0.289352 0.060937 0.045370
1 0.598958 0.310185 0.043750 0.088889
2 0.101562 0.548148 0.034375 0.042593