0 0.742448 0.537037 0.011979 0.040741
0 0.530469 0.637500 0.006771 0.041667
0 0.752083 0.531944 0.011458 0.039815
0 0.800260 0.466667 0.015104 0.042593
0 0.809896 0.578704 0.023958 0.027778
0 0.498177 0.129167 0.004687 0.026852
1 0.414323 0.329167 0.055729 0.056481
1 0.519792 0.917593 0.077083 0.162963
1 0.786198 0.888889 0.102604 0.168519
1 0.573438 0.846296 0.072917 0.150000
1 0.140365 0.573611 0.068229 0.071296
1 0.841146 0.836574 0.107292 0.162037
1 0.856510 0.129167 0.031771 0.034259
2 0.256250 0.401389 0.031250 0.036111
2 0.100781 0.667130 0.049479 0.037963
3 0.445573 0.710648 0.067187 0.139815