0 0.829167 0.593519 0.014583 0.046296
0 0.175000 0.454630 0.012500 0.038889
0 0.591927 0.610648 0.010937 0.039815
0 0.822917 0.600463 0.014583 0.043519
0 0.869792 0.566204 0.019792 0.045370
0 0.912240 0.701389 0.029687 0.030556
0 0.547917 0.106019 0.005208 0.026852
1 0.240625 0.410648 0.056250 0.062037
1 0.567187 0.258796 0.048958 0.049074
1 0.519792 0.917593 0.077083 0.162963
1 0.786198 0.888889 0.102604 0.168519
1 0.573438 0.846296 0.072917 0.150000
1 0.850000 0.850926 0.109375 0.166667
2 0.438802 0.317130 0.024479 0.032407
2 0.100781 0.667130 0.049479 0.037963
3 0.445573 0.710648 0.067187 0.139815