0 0.486198 0.264352 0.019271 0.037963
0 0.193750 0.174074 0.011458 0.042593
0 0.452083 0.256481 0.011458 0.046296
1 0.461979 0.707407 0.075000 0.174074
1 0.682813 0.199537 0.039583 0.071296
1 0.584375 0.288426 0.047917 0.076852
1 0.129948 0.275926 0.070312 0.066667
1 0.732292 0.521759 0.050000 0.104630
1 0.646875 0.289815 0.056250 0.116667
1 0.810677 0.122685 0.040104 0.065741
1 0.765885 0.353704 0.046354 0.098148
1 0.625781 0.199537 0.045312 0.078704
1 0.190885 0.388889 0.067187 0.074074
1 0.658333 0.484722 0.077083 0.160185
1 0.708594 0.129630 0.034896 0.059259
2 0.065365 0.237500 0.023438 0.037963