0 0.209896 0.647222 0.018750 0.044444
0 0.174740 0.545833 0.022396 0.041667
0 0.733854 0.353241 0.011458 0.047222
0 0.214062 0.612500 0.020833 0.037963
0 0.877344 0.763426 0.020313 0.049074
0 0.746354 0.377778 0.012500 0.042593
0 0.327083 0.476852 0.010417 0.042593
1 0.170313 0.785648 0.116667 0.095370
1 0.572396 0.391667 0.033333 0.088889
1 0.469271 0.219907 0.031250 0.078704
1 0.482292 0.930556 0.053125 0.137037
1 0.640625 0.547222 0.041667 0.140741
3 0.416927 0.138889 0.076563 0.224074
3 0.527604 0.070370 0.030208 0.114815
