0 0.364323 0.351389 0.020313 0.041667
0 0.215625 0.501389 0.016667 0.058333
0 0.204687 0.531944 0.019792 0.060185
0 0.199740 0.586574 0.020313 0.063889
0 0.362500 0.249074 0.009375 0.046296
0 0.272656 0.212037 0.011979 0.038889
1 0.188542 0.387963 0.085417 0.077778
1 0.295833 0.454167 0.087500 0.086111
1 0.213542 0.321759 0.060417 0.063889
1 0.129948 0.275926 0.070312 0.066667
1 0.122135 0.765278 0.123438 0.165741
1 0.303646 0.371296 0.080208 0.083333
1 0.102604 0.335185 0.063542 0.068519
1 0.443750 0.487963 0.109375 0.077778
2 0.065365 0.237500 0.023438 0.037963