0 0.742969 0.363889 0.011979 0.048148
0 0.749740 0.284722 0.010937 0.043519
0 0.224219 0.596759 0.018229 0.045370
0 0.749479 0.217593 0.011458 0.046296
0 0.185417 0.676389 0.017708 0.045370
1 0.521354 0.212037 0.030208 0.092593
1 0.499219 0.654167 0.043229 0.154630
1 0.573438 0.329167 0.032292 0.082407
1 0.469792 0.205093 0.033333 0.089815
1 0.174219 0.786111 0.094271 0.092593
1 0.647396 0.686111 0.047917 0.157407
3 0.416927 0.138889 0.076563 0.224074
3 0.056250 0.918056 0.112500 0.106481
3 0.604427 0.100926 0.035937 0.096296
3 0.482812 0.942130 0.053125 0.113889
