0 0.870052 0.227778 0.009896 0.033333
0 0.183594 0.241667 0.010937 0.025926
0 0.218490 0.260648 0.010937 0.034259
0 0.589583 0.150926 0.008333 0.020370
0 0.276562 0.280093 0.012500 0.026852
1 0.690104 0.180556 0.028125 0.046296
1 0.576302 0.621759 0.088021 0.106481
1 0.124479 0.128241 0.039583 0.032407
1 0.235937 0.376852 0.063542 0.062963
1 0.670573 0.244444 0.029687 0.055556
1 0.746094 0.060185 0.016146 0.027778
1 0.661719 0.150926 0.023438 0.042593
1 0.121354 0.085648 0.039583 0.037963
1 0.713021 0.102778 0.023958 0.038889
1 0.144010 0.095370 0.045312 0.033333
1 0.158594 0.338889 0.066146 0.050000
1 0.632552 0.222222 0.035937 0.072222
1 0.778385 0.104167 0.020313 0.032407
2 0.064062 0.523148 0.033333 0.042593