0 0.511719 0.267130 0.017188 0.034259
0 0.175260 0.166204 0.011979 0.041667
0 0.473958 0.255556 0.011458 0.046296
1 0.476823 0.907407 0.058854 0.183333
1 0.698438 0.156944 0.036458 0.063889
1 0.614323 0.226852 0.038021 0.068519
1 0.129948 0.275926 0.070312 0.066667
1 0.705208 0.661111 0.057292 0.131481
1 0.669271 0.228241 0.051042 0.102778
1 0.801302 0.170833 0.043229 0.073148
1 0.747396 0.447222 0.052083 0.120370
1 0.644531 0.157407 0.042188 0.072222
1 0.270313 0.436574 0.067708 0.078704
1 0.621354 0.617130 0.091667 0.202778
1 0.720313 0.096759 0.032292 0.054630
2 0.065365 0.237500 0.023438 0.037963