0 0.147135 0.372222 0.015104 0.037037
0 0.572396 0.613889 0.011458 0.046296
0 0.168490 0.378241 0.010937 0.037963
0 0.201042 0.472685 0.011458 0.041667
1 0.311979 0.378241 0.031250 0.043519
1 0.582292 0.293056 0.057292 0.052778
1 0.844010 0.197222 0.025521 0.035185
1 0.194010 0.545833 0.093229 0.078704
1 0.784635 0.879630 0.102604 0.174074
1 0.548958 0.482407 0.063542 0.072222
1 0.715625 0.189815 0.040625 0.040741
1 0.740365 0.216667 0.043229 0.040741
1 0.054948 0.692130 0.079687 0.084259
1 0.454427 0.304167 0.066146 0.073148
3 0.209115 0.601852 0.085938 0.085185