0 0.202083 0.455093 0.011458 0.041667
0 0.663802 0.538426 0.009896 0.039815
0 0.204687 0.520833 0.012500 0.043519
0 0.205990 0.637963 0.013021 0.044444
1 0.532813 0.949537 0.068750 0.099074
1 0.615365 0.236574 0.024479 0.034259
1 0.740885 0.258333 0.051562 0.044444
1 0.714323 0.228704 0.050521 0.046296
1 0.625260 0.335185 0.034896 0.053704
1 0.717187 0.762037 0.081250 0.135185
1 0.781771 0.158796 0.038542 0.037963
1 0.770573 0.201852 0.042188 0.038889
1 0.698698 0.191667 0.053646 0.059259
3 0.081250 0.510185 0.162500 0.207407
3 0.822396 0.203704 0.052083 0.064815