0 0.357552 0.350000 0.021354 0.044444
0 0.202344 0.532870 0.018229 0.058333
0 0.145052 0.599537 0.027604 0.062037
0 0.140885 0.676389 0.026562 0.067593
0 0.322135 0.237037 0.011979 0.044444
0 0.305729 0.224537 0.012500 0.045370
1 0.188542 0.387963 0.085417 0.077778
1 0.295833 0.454167 0.087500 0.086111
1 0.213542 0.321759 0.060417 0.063889
1 0.129948 0.275926 0.070312 0.066667
1 0.303646 0.371296 0.080208 0.083333
1 0.102604 0.335185 0.063542 0.068519
1 0.496094 0.474074 0.107813 0.085185
2 0.065365 0.237500 0.023438 0.037963