0 0.929167 0.130093 0.013542 0.036111
0 0.212240 0.182870 0.010937 0.043519
0 0.554167 0.281019 0.007292 0.049074
0 0.221875 0.186574 0.011458 0.043519
0 0.949219 0.187963 0.013021 0.044444
0 0.936198 0.180556 0.017188 0.025926
1 0.653385 0.135185 0.051562 0.090741
1 0.195052 0.393519 0.079687 0.085185
1 0.531510 0.629167 0.103646 0.112037
1 0.257292 0.682870 0.130208 0.106481
1 0.694271 0.161111 0.035417 0.072222
1 0.130469 0.873611 0.078646 0.189815
2 0.676302 0.087500 0.009896 0.017593
3 0.083594 0.238426 0.092188 0.097222