0 0.192448 0.613889 0.014063 0.044444
0 0.773177 0.529630 0.015104 0.042593
0 0.211458 0.695833 0.014583 0.043519
0 0.315365 0.763426 0.017188 0.041667
1 0.330469 0.608796 0.069271 0.073148
1 0.771094 0.164352 0.022396 0.030556
1 0.615625 0.407870 0.030208 0.073148
1 0.774740 0.198611 0.048438 0.043519
1 0.667969 0.550463 0.052604 0.082407
1 0.717187 0.762037 0.081250 0.135185
1 0.471354 0.781019 0.065625 0.154630
1 0.840625 0.130093 0.051042 0.049074
3 0.081250 0.510185 0.162500 0.207407
3 0.630208 0.305556 0.067708 0.075926