0 0.870573 0.216667 0.008854 0.033333
0 0.192969 0.244907 0.011979 0.025000
0 0.204687 0.256481 0.010417 0.035185
0 0.586458 0.157870 0.008333 0.019444
0 0.289583 0.285648 0.012500 0.026852
1 0.693750 0.168981 0.027083 0.045370
1 0.521094 0.663889 0.096354 0.105556
1 0.097917 0.146759 0.045833 0.034259
1 0.235937 0.376852 0.063542 0.062963
1 0.670573 0.244444 0.029687 0.055556
1 0.747917 0.074074 0.015625 0.029630
1 0.668490 0.132870 0.022396 0.039815
1 0.121354 0.085648 0.039583 0.037963
1 0.716406 0.087037 0.021354 0.037037
1 0.144010 0.095370 0.045312 0.033333
1 0.158594 0.338889 0.066146 0.050000
1 0.632552 0.222222 0.035937 0.072222
1 0.776823 0.120833 0.021354 0.034259