0 0.866406 0.266667 0.010937 0.035185
0 0.149479 0.226852 0.011458 0.025926
0 0.254688 0.272222 0.010417 0.035185
0 0.600000 0.131019 0.007292 0.019444
0 0.266927 0.273148 0.016146 0.024074
1 0.687240 0.190741 0.028646 0.048148
1 0.669531 0.443981 0.044271 0.086111
1 0.717187 0.080093 0.016667 0.032407
1 0.135417 0.096296 0.047917 0.042593
1 0.235937 0.376852 0.063542 0.062963
1 0.670573 0.244444 0.029687 0.055556
1 0.651823 0.178241 0.023438 0.045370
1 0.050781 0.127315 0.048438 0.043519
1 0.701302 0.143056 0.026562 0.043519
1 0.064583 0.144907 0.054167 0.041667
1 0.158594 0.338889 0.066146 0.050000
1 0.632552 0.222222 0.035937 0.072222
1 0.772917 0.053704 0.019792 0.027778
2 0.101562 0.548148 0.034375 0.042593