0 0.690885 0.554167 0.014063 0.039815
0 0.500000 0.647222 0.008333 0.042593
0 0.701823 0.568981 0.011979 0.037963
0 0.753125 0.411111 0.009375 0.038889
0 0.873958 0.631481 0.020833 0.046296
0 0.749219 0.534259 0.021354 0.033333
0 0.464583 0.147222 0.005208 0.027778
1 0.282813 0.390278 0.062500 0.063889
1 0.519792 0.917593 0.077083 0.162963
1 0.786198 0.888889 0.102604 0.168519
1 0.573438 0.846296 0.072917 0.150000
1 0.311979 0.483796 0.057292 0.062037
1 0.841146 0.836574 0.107292 0.162037
1 0.785156 0.156944 0.034896 0.037963
2 0.096615 0.473611 0.038021 0.036111
2 0.100781 0.667130 0.049479 0.037963
3 0.445573 0.710648 0.067187 0.139815
3 0.155990 0.550463 0.105729 0.115741