0 0.361979 0.352778 0.019792 0.046296
0 0.213802 0.461574 0.016146 0.049074
0 0.223438 0.504167 0.016667 0.056481
0 0.241667 0.524074 0.018750 0.057407
0 0.432031 0.256019 0.006771 0.045370
0 0.216667 0.184259 0.012500 0.044444
1 0.685937 0.067130 0.033333 0.050926
1 0.182031 0.384259 0.084896 0.077778
1 0.291927 0.451389 0.086979 0.086111
1 0.207813 0.318981 0.060417 0.063889
1 0.121875 0.271759 0.069792 0.065741
1 0.300000 0.369444 0.080208 0.083333
1 0.093750 0.329630 0.062500 0.068519
1 0.443750 0.487963 0.109375 0.077778
2 0.055469 0.232407 0.023438 0.038889