0 0.435156 0.278704 0.016146 0.038889
0 0.224740 0.188426 0.011979 0.041667
0 0.414583 0.255093 0.007292 0.047222
1 0.347656 0.487037 0.093229 0.100000
1 0.646354 0.300463 0.046875 0.089815
1 0.449740 0.379167 0.066146 0.069444
1 0.129948 0.275926 0.070312 0.066667
1 0.767448 0.343056 0.041146 0.076852
1 0.591146 0.443519 0.070833 0.153704
1 0.824219 0.052778 0.034896 0.057407
1 0.790885 0.225926 0.038021 0.072222
1 0.582292 0.290278 0.060417 0.093519
1 0.102604 0.335185 0.063542 0.068519
1 0.705729 0.315278 0.061458 0.115741
1 0.682813 0.201852 0.039583 0.072222
2 0.065365 0.237500 0.023438 0.037963