0 0.923438 0.197222 0.016667 0.038889
0 0.149740 0.154167 0.013021 0.041667
0 0.419792 0.284259 0.008333 0.048148
0 0.170573 0.162963 0.010937 0.042593
0 0.924219 0.248611 0.013021 0.036111
0 0.939323 0.114352 0.014063 0.025000
1 0.715365 0.109722 0.032813 0.056481
1 0.653385 0.135185 0.051562 0.090741
1 0.120573 0.347222 0.078646 0.079630
1 0.719271 0.270370 0.043750 0.070370
1 0.633073 0.520833 0.080729 0.125000
1 0.694271 0.161111 0.035417 0.072222
2 0.676302 0.087500 0.009896 0.017593
3 0.083594 0.238426 0.092188 0.097222