0 0.897656 0.344444 0.010937 0.022222
0 0.586198 0.299074 0.006771 0.048148
0 0.168490 0.583333 0.020313 0.053704
0 0.286719 0.463889 0.008854 0.033333
0 0.780990 0.362500 0.011979 0.052778
0 0.811198 0.389352 0.021354 0.049074
1 0.627083 0.200926 0.042708 0.070370
1 0.501823 0.576852 0.082812 0.153704
1 0.817969 0.084259 0.030729 0.048148
2 0.782813 0.276389 0.015625 0.043519
2 0.672656 0.235185 0.013021 0.040741
2 0.473958 0.838426 0.025000 0.106481
3 0.735156 0.209722 0.054688 0.106481
3 0.706510 0.668519 0.128646 0.344444