0 0.454427 0.375926 0.009896 0.044444
0 0.070052 0.267130 0.015104 0.032407
0 0.448698 0.477778 0.009896 0.046296
0 0.533073 0.056944 0.008854 0.021296
0 0.219271 0.269907 0.016667 0.039815
1 0.901042 0.756944 0.048958 0.084259
1 0.650521 0.108333 0.036458 0.085185
1 0.839844 0.518056 0.059896 0.117593
1 0.839844 0.827315 0.083854 0.156481
1 0.132292 0.806019 0.147917 0.117593
1 0.174740 0.691204 0.118229 0.084259
1 0.646875 0.564352 0.092708 0.106481
2 0.054948 0.391204 0.041146 0.036111
2 0.611719 0.134259 0.010937 0.042593
2 0.641927 0.055093 0.008854 0.019444
3 0.724219 0.072222 0.030729 0.064815