0 0.853906 0.105556 0.004687 0.022222
0 0.292969 0.287500 0.011979 0.026852
0 0.103646 0.203241 0.010417 0.032407
0 0.589063 0.156019 0.008333 0.026852
0 0.463802 0.333796 0.013021 0.030556
1 0.085938 0.542593 0.085417 0.087037
1 0.613542 0.430556 0.045833 0.092593
1 0.775521 0.128241 0.023958 0.036111
1 0.559635 0.384259 0.058854 0.077778
1 0.718490 0.050463 0.017188 0.030556
1 0.734896 0.396296 0.032292 0.062963
1 0.121354 0.085648 0.039583 0.037963
1 0.144010 0.095370 0.045312 0.033333
1 0.354948 0.436574 0.078646 0.062037
1 0.713802 0.530556 0.043229 0.098148