0 0.204167 0.650463 0.015625 0.045370
0 0.784375 0.538889 0.012500 0.040741
0 0.236979 0.729167 0.015625 0.043519
0 0.388542 0.761111 0.016667 0.044444
1 0.241927 0.601852 0.071354 0.064815
1 0.829167 0.139352 0.021875 0.028704
1 0.628906 0.466204 0.044271 0.084259
1 0.833073 0.170833 0.045312 0.039815
1 0.723437 0.642593 0.063542 0.096296
1 0.717187 0.762037 0.081250 0.135185
1 0.399219 0.651389 0.074479 0.110185
1 0.619531 0.932870 0.084896 0.132407
3 0.081250 0.510185 0.162500 0.207407
3 0.541406 0.351852 0.073438 0.081481