0 0.440104 0.694444 0.014583 0.040741
0 0.285417 0.739352 0.018750 0.041667
0 0.537240 0.650926 0.007812 0.040741
0 0.642969 0.283333 0.007812 0.033333
0 0.753125 0.528241 0.010417 0.039815
0 0.790365 0.558796 0.016146 0.043519
0 0.502865 0.694907 0.020313 0.039815
1 0.512240 0.377778 0.060937 0.057407
1 0.517448 0.459259 0.066146 0.066667
1 0.678906 0.289815 0.042188 0.046296
1 0.618490 0.425926 0.034896 0.075926
1 0.700521 0.193981 0.027083 0.041667
3 0.759375 0.181944 0.106250 0.121296
3 0.597656 0.322222 0.068229 0.079630