0 0.161979 0.324074 0.023958 0.042593
0 0.178646 0.281944 0.022917 0.047222
0 0.112500 0.129630 0.023958 0.050000
0 0.439063 0.091667 0.012500 0.055556
1 0.382552 0.416667 0.053646 0.172222
1 0.532031 0.911574 0.049479 0.175000
1 0.452604 0.627315 0.047917 0.208333
1 0.285156 0.718981 0.058854 0.206481
1 0.310677 0.376389 0.056771 0.169444
1 0.533333 0.617130 0.045833 0.186111
2 0.466406 0.087500 0.015104 0.067593
3 0.642448 0.765741 0.121354 0.466667
3 0.559375 0.062963 0.101042 0.125926
3 0.329688 0.073148 0.054167 0.146296
