0 0.166927 0.401389 0.010937 0.036111
0 0.358594 0.773611 0.009896 0.025000
0 0.742708 0.486574 0.009375 0.039815
0 0.647656 0.551852 0.008854 0.042593
0 0.653125 0.079167 0.006250 0.025000
1 0.619010 0.581944 0.057813 0.091667
1 0.784115 0.158333 0.042188 0.038889
1 0.519792 0.917593 0.077083 0.162963
1 0.649219 0.408796 0.033854 0.075000
1 0.551823 0.789352 0.068229 0.137963
2 0.706771 0.193519 0.018750 0.025926
2 0.100781 0.667130 0.049479 0.037963
3 0.398958 0.407407 0.075000 0.079630
3 0.445573 0.710648 0.067187 0.139815