0 0.929427 0.131481 0.014063 0.035185
0 0.212240 0.182407 0.010937 0.044444
0 0.550260 0.278704 0.011979 0.048148
0 0.221615 0.186574 0.011979 0.043519
0 0.948438 0.189815 0.014583 0.044444
0 0.935417 0.178241 0.017708 0.026852
1 0.653385 0.135185 0.051562 0.090741
1 0.193229 0.391667 0.082292 0.085185
1 0.537500 0.625000 0.103125 0.111111
1 0.262500 0.684722 0.130208 0.106481
1 0.694271 0.161111 0.035417 0.072222
1 0.131510 0.880093 0.078646 0.191667
2 0.676302 0.087500 0.009896 0.017593
3 0.083594 0.238426 0.092188 0.097222