0 0.167969 0.371296 0.010937 0.033333
0 0.580990 0.593056 0.008854 0.041667
0 0.175260 0.398611 0.010937 0.039815
0 0.202604 0.492593 0.011458 0.038889
1 0.367448 0.352315 0.029687 0.041667
1 0.624479 0.272685 0.055208 0.050926
1 0.818229 0.216204 0.037500 0.039815
1 0.116406 0.586111 0.100521 0.085185
1 0.784635 0.879630 0.102604 0.174074
1 0.597656 0.542130 0.061979 0.089815
1 0.715625 0.189815 0.040625 0.040741
1 0.740365 0.216667 0.043229 0.040741
1 0.501042 0.282407 0.063542 0.070370
3 0.126823 0.640278 0.093229 0.102778