0 0.898438 0.349074 0.012500 0.033333
0 0.593490 0.303241 0.008854 0.049074
0 0.159896 0.598611 0.022917 0.060185
0 0.292708 0.452778 0.007292 0.031481
0 0.781250 0.362500 0.012500 0.052778
0 0.799740 0.388426 0.018229 0.050926
1 0.622396 0.211574 0.043750 0.073148
1 0.486979 0.542593 0.089583 0.138889
1 0.819792 0.074537 0.030208 0.047222
2 0.786719 0.258333 0.015104 0.042593
2 0.668229 0.247222 0.013542 0.040741
2 0.469010 0.778704 0.026562 0.100000
3 0.739583 0.194907 0.053125 0.102778
3 0.714844 0.624537 0.123438 0.325000