0 0.200781 0.650000 0.015104 0.042593
0 0.784635 0.538426 0.013021 0.041667
0 0.230469 0.724074 0.016146 0.042593
0 0.379427 0.767130 0.018229 0.041667
1 0.257292 0.600000 0.070833 0.064815
1 0.820833 0.142130 0.021875 0.028704
1 0.625521 0.455556 0.043750 0.081481
1 0.825000 0.174074 0.045833 0.040741
1 0.715104 0.629167 0.062500 0.093519
1 0.717187 0.762037 0.081250 0.135185
1 0.414583 0.668519 0.072917 0.116667
1 0.870833 0.119444 0.006250 0.016667
3 0.081250 0.510185 0.162500 0.207407
3 0.554427 0.344907 0.072396 0.080556