0 0.357292 0.336574 0.018750 0.043519
0 0.154688 0.633796 0.022917 0.058333
0 0.059896 0.797685 0.035417 0.069444
0 0.295052 0.218981 0.013021 0.043519
0 0.325260 0.233796 0.007812 0.047222
1 0.188542 0.387963 0.085417 0.077778
1 0.388021 0.486574 0.098958 0.080556
1 0.213542 0.321759 0.060417 0.063889
1 0.129948 0.275926 0.070312 0.066667
1 0.809115 0.128704 0.029687 0.050000
1 0.822135 0.062963 0.028646 0.044444
1 0.392448 0.385648 0.083854 0.073148
1 0.102604 0.335185 0.063542 0.068519
1 0.762240 0.112963 0.043229 0.072222
1 0.597396 0.398148 0.080208 0.100000
2 0.065365 0.237500 0.023438 0.037963