0 0.823958 0.380556 0.023958 0.035185
0 0.069792 0.778704 0.031250 0.066667
0 0.790625 0.373611 0.013542 0.050926
1 0.410938 0.922222 0.098958 0.153704
1 0.104427 0.336111 0.063021 0.068519
1 0.821615 0.063889 0.029687 0.046296
1 0.676562 0.086111 0.029167 0.051852
1 0.223177 0.321759 0.103646 0.099074
1 0.499740 0.360648 0.082812 0.087963
1 0.734115 0.050463 0.035937 0.071296
1 0.212240 0.400463 0.073438 0.082407
1 0.078646 0.249074 0.070833 0.059259
2 0.370312 0.382407 0.031250 0.040741
3 0.753125 0.144907 0.048958 0.093519