0 0.454167 0.685185 0.014583 0.040741
0 0.301823 0.745370 0.018229 0.040741
0 0.548958 0.640741 0.006250 0.038889
0 0.642969 0.282870 0.007812 0.034259
0 0.764062 0.531019 0.012500 0.041667
0 0.798958 0.566204 0.015625 0.043519
0 0.519531 0.687037 0.021354 0.038889
0 0.287500 0.233796 0.007292 0.032407
1 0.500521 0.384259 0.061458 0.057407
1 0.539062 0.474537 0.065625 0.073148
1 0.663021 0.298148 0.042708 0.046296
1 0.618490 0.425926 0.034896 0.075926
1 0.708333 0.190278 0.028125 0.041667
2 0.522917 0.943981 0.029167 0.089815
3 0.767188 0.178704 0.106250 0.120370
3 0.587240 0.327315 0.068229 0.080556