0 0.861458 0.630556 0.016667 0.044444
0 0.175000 0.454630 0.012500 0.038889
0 0.611198 0.595370 0.011979 0.040741
0 0.847135 0.645833 0.017188 0.045370
0 0.904167 0.606481 0.018750 0.044444
0 0.564583 0.097685 0.005208 0.026852
1 0.316927 0.382870 0.051562 0.052778
1 0.617708 0.235648 0.046875 0.047222
1 0.519792 0.917593 0.077083 0.162963
1 0.835417 0.244444 0.017708 0.033333
1 0.573438 0.846296 0.072917 0.150000
2 0.498177 0.289815 0.023438 0.031481
2 0.100781 0.667130 0.049479 0.037963
3 0.445573 0.710648 0.067187 0.139815