0 0.171354 0.425926 0.011458 0.037037
0 0.341667 0.824074 0.008333 0.027778
0 0.731250 0.512963 0.010417 0.040741
0 0.647656 0.551852 0.008854 0.042593
0 0.637760 0.079630 0.005729 0.025926
1 0.584115 0.516667 0.053646 0.081481
1 0.763281 0.168056 0.042188 0.039815
1 0.519792 0.917593 0.077083 0.162963
1 0.664323 0.364352 0.045312 0.062037
1 0.573438 0.846296 0.072917 0.150000
2 0.684115 0.204167 0.019271 0.026852
2 0.100781 0.667130 0.049479 0.037963
3 0.345313 0.408796 0.076042 0.086111
3 0.445573 0.710648 0.067187 0.139815