0 0.420573 0.430093 0.010937 0.045370
0 0.458333 0.372222 0.009375 0.046296
0 0.532813 0.072685 0.009375 0.030556
0 0.116406 0.266204 0.019271 0.039815
1 0.790625 0.343519 0.029167 0.051852
1 0.675781 0.266667 0.047396 0.114815
1 0.833333 0.490278 0.052083 0.091667
1 0.759635 0.222222 0.039062 0.066667
1 0.601562 0.450463 0.068750 0.073148
1 0.132292 0.806019 0.147917 0.117593
1 0.174740 0.691204 0.118229 0.084259
1 0.377604 0.484259 0.087500 0.068519
2 0.594792 0.311574 0.018750 0.050926
2 0.662240 0.189815 0.010937 0.031481
3 0.650260 0.093981 0.032813 0.097222