0 0.605208 0.578241 0.015625 0.037963
0 0.489583 0.656944 0.013542 0.039815
0 0.617448 0.611111 0.014063 0.040741
0 0.689844 0.342130 0.008854 0.037963
0 0.785156 0.544907 0.014063 0.041667
0 0.943229 0.713426 0.025000 0.047222
0 0.672396 0.571759 0.020833 0.034259
0 0.409635 0.170833 0.004687 0.025000
1 0.054948 0.495370 0.078646 0.075926
1 0.244010 0.518519 0.080729 0.074074
1 0.794010 0.154630 0.040104 0.037037
1 0.729167 0.782870 0.088542 0.143519
1 0.616406 0.935185 0.081771 0.127778
1 0.507031 0.380556 0.048438 0.053704
1 0.781771 0.737963 0.093750 0.138889
1 0.712760 0.190278 0.036979 0.041667
2 0.171094 0.622222 0.045312 0.042593
3 0.870052 0.125463 0.009896 0.041667
3 0.475000 0.788426 0.064583 0.162037
3 0.388281 0.430556 0.081771 0.094444