0 0.794271 0.560648 0.016667 0.037963
0 0.572656 0.624074 0.007812 0.040741
0 0.802344 0.572222 0.018229 0.044444
0 0.841667 0.529167 0.016667 0.043519
0 0.873177 0.652778 0.026562 0.029630
0 0.530729 0.113889 0.005208 0.027778
1 0.158333 0.449074 0.060417 0.066667
1 0.513021 0.284259 0.051042 0.051852
1 0.519792 0.917593 0.077083 0.162963
1 0.786198 0.888889 0.102604 0.168519
1 0.573438 0.846296 0.072917 0.150000
1 0.841146 0.836574 0.107292 0.162037
2 0.373698 0.347222 0.026562 0.033333
2 0.100781 0.667130 0.049479 0.037963
3 0.445573 0.710648 0.067187 0.139815