0 0.856250 0.108796 0.008333 0.028704
0 0.282813 0.282870 0.011458 0.026852
0 0.110417 0.204167 0.009375 0.032407
0 0.585938 0.162500 0.008333 0.026852
0 0.454427 0.333796 0.013021 0.030556
1 0.085938 0.542593 0.085417 0.087037
1 0.604688 0.459722 0.047917 0.097222
1 0.776823 0.118519 0.022396 0.035185
1 0.548438 0.395370 0.061458 0.077778
1 0.719010 0.057870 0.017188 0.030556
1 0.738542 0.371296 0.031250 0.059259
1 0.121354 0.085648 0.039583 0.037963
1 0.144010 0.095370 0.045312 0.033333
1 0.330208 0.424537 0.077083 0.060185
1 0.719010 0.495833 0.041146 0.091667