0 0.202344 0.468056 0.011979 0.039815
0 0.683333 0.541204 0.012500 0.039815
0 0.204427 0.540741 0.010937 0.044444
0 0.212760 0.656019 0.015104 0.043519
1 0.505990 0.893519 0.068229 0.151852
1 0.641927 0.224537 0.024479 0.034259
1 0.713542 0.272685 0.053125 0.045370
1 0.714323 0.228704 0.050521 0.046296
1 0.615104 0.367593 0.027083 0.057407
1 0.717187 0.762037 0.081250 0.135185
1 0.799479 0.150926 0.038542 0.037037
1 0.775260 0.199074 0.039062 0.038889
1 0.719010 0.181944 0.052604 0.056481
3 0.081250 0.510185 0.162500 0.207407
3 0.801302 0.216204 0.057813 0.065741