0 0.922917 0.192593 0.015625 0.038889
0 0.154167 0.156019 0.013542 0.041667
0 0.427344 0.281481 0.007812 0.048148
0 0.174219 0.165278 0.013021 0.043519
0 0.925260 0.246296 0.014063 0.040741
0 0.939323 0.117593 0.015104 0.025926
1 0.716146 0.106944 0.033333 0.056481
1 0.653385 0.135185 0.051562 0.090741
1 0.120573 0.347222 0.078646 0.079630
1 0.716146 0.281019 0.043750 0.073148
1 0.622917 0.536111 0.086458 0.124074
1 0.694271 0.161111 0.035417 0.072222
2 0.676302 0.087500 0.009896 0.017593
3 0.083594 0.238426 0.092188 0.097222