0 0.869271 0.235185 0.010417 0.033333
0 0.177604 0.238889 0.011458 0.025926
0 0.228646 0.262963 0.011458 0.035185
0 0.591667 0.146296 0.008333 0.020370
0 0.269010 0.277315 0.011979 0.026852
1 0.687500 0.188889 0.028125 0.048148
1 0.606510 0.589352 0.078646 0.106481
1 0.718490 0.053241 0.015104 0.030556
1 0.139844 0.116667 0.033854 0.031481
1 0.235937 0.376852 0.063542 0.062963
1 0.670573 0.244444 0.029687 0.055556
1 0.745313 0.050926 0.015625 0.027778
1 0.657813 0.161574 0.023958 0.043519
1 0.110677 0.092593 0.041146 0.038889
1 0.710156 0.113426 0.024479 0.039815
1 0.133854 0.100926 0.046875 0.035185
1 0.158594 0.338889 0.066146 0.050000
1 0.632552 0.222222 0.035937 0.072222
1 0.778125 0.093519 0.019792 0.031481
2 0.087240 0.538889 0.033854 0.042593