0 0.536979 0.616204 0.010417 0.037963
0 0.393229 0.743519 0.014583 0.048148
0 0.571354 0.625463 0.009375 0.043519
0 0.652344 0.296296 0.008854 0.035185
0 0.784896 0.544907 0.013542 0.041667
0 0.858073 0.619907 0.018229 0.043519
0 0.584375 0.601852 0.018750 0.037037
0 0.352083 0.201852 0.006250 0.031481
1 0.417187 0.427778 0.066667 0.062963
1 0.758333 0.168981 0.033333 0.037963
1 0.648177 0.633796 0.071354 0.112037
1 0.606250 0.328241 0.044792 0.049074
1 0.647656 0.512500 0.059896 0.093519
1 0.712760 0.190278 0.036979 0.041667
2 0.385417 0.640278 0.033333 0.043519
3 0.819531 0.154167 0.101562 0.113889
3 0.528906 0.357407 0.070312 0.083333