0 0.210156 0.646759 0.018229 0.043519
0 0.164844 0.545370 0.020313 0.040741
0 0.733854 0.363426 0.013542 0.045370
0 0.204687 0.636574 0.018750 0.050926
0 0.882552 0.775463 0.020313 0.030556
0 0.745313 0.367593 0.012500 0.046296
0 0.318750 0.482407 0.012500 0.046296
1 0.197396 0.779167 0.115625 0.102778
1 0.572656 0.416667 0.033854 0.092593
1 0.469271 0.219907 0.031250 0.078704
1 0.484896 0.906944 0.051042 0.184259
1 0.642188 0.578704 0.042708 0.146296
3 0.416927 0.138889 0.076563 0.224074
3 0.528125 0.056944 0.030208 0.112037
