0 0.166406 0.308333 0.024479 0.048148
0 0.184115 0.266204 0.022396 0.049074
0 0.114323 0.112963 0.023438 0.044444
0 0.439063 0.091667 0.012500 0.055556
1 0.385156 0.365741 0.052604 0.168519
1 0.532031 0.911574 0.049479 0.175000
1 0.452604 0.627315 0.047917 0.208333
1 0.289323 0.658333 0.057813 0.201852
1 0.314323 0.326852 0.055729 0.166667
1 0.533333 0.617130 0.045833 0.186111
2 0.465885 0.111111 0.016146 0.066667
3 0.642448 0.765741 0.121354 0.466667
3 0.555729 0.074537 0.101042 0.149074
3 0.331250 0.052315 0.050000 0.104630
