0 0.894271 0.329630 0.012500 0.040741
0 0.067969 0.112963 0.010937 0.040741
0 0.867448 0.375463 0.018229 0.052778
1 0.659635 0.263889 0.044271 0.083333
1 0.230469 0.410185 0.068229 0.070370
1 0.762240 0.367593 0.047396 0.092593
1 0.561198 0.312037 0.094271 0.124074
1 0.120573 0.347222 0.078646 0.079630
1 0.640365 0.165278 0.040104 0.071296
1 0.598177 0.389352 0.065104 0.104630
1 0.361979 0.404167 0.088542 0.080556
2 0.614583 0.232870 0.011458 0.036111
2 0.786458 0.254630 0.014583 0.046296
3 0.622396 0.618056 0.094792 0.210185
3 0.083594 0.238426 0.092188 0.097222