0 0.407813 0.290278 0.006250 0.049074
0 0.270313 0.213889 0.012500 0.037037
0 0.166667 0.545833 0.031250 0.037963
0 0.589063 0.084722 0.008333 0.037963
0 0.195573 0.590278 0.018229 0.056481
0 0.126823 0.144907 0.015104 0.039815
0 0.254167 0.222222 0.009375 0.046296
1 0.627865 0.197222 0.045312 0.077778
1 0.765625 0.101389 0.041667 0.071296
1 0.821875 0.062037 0.028125 0.042593
1 0.735938 0.501852 0.071875 0.164815
1 0.446615 0.479630 0.093229 0.114815
1 0.691927 0.752778 0.044271 0.098148
2 0.672917 0.234259 0.013542 0.040741