0 0.833594 0.383796 0.023438 0.036111
0 0.055990 0.797685 0.029687 0.069444
0 0.802083 0.377315 0.015625 0.050926
1 0.449479 0.850926 0.097917 0.224074
1 0.132812 0.353704 0.064583 0.070370
1 0.817969 0.082870 0.030729 0.049074
1 0.685156 0.067130 0.027604 0.049074
1 0.254688 0.338889 0.106250 0.101852
1 0.052083 0.305093 0.075000 0.075000
1 0.527083 0.344444 0.079167 0.088889
1 0.245312 0.420833 0.075000 0.084259
1 0.103906 0.262963 0.072396 0.061111
2 0.408854 0.382870 0.032292 0.039815
3 0.745573 0.171759 0.051562 0.099074