0 0.465104 0.269444 0.016667 0.038889
0 0.206510 0.179167 0.014063 0.041667
0 0.437500 0.256481 0.006250 0.048148
1 0.428125 0.598611 0.084375 0.141667
1 0.671875 0.229630 0.041667 0.075926
1 0.545312 0.331944 0.058333 0.078704
1 0.129948 0.275926 0.070312 0.066667
1 0.747396 0.444907 0.045833 0.091667
1 0.628906 0.338889 0.060937 0.127778
1 0.816406 0.093981 0.038021 0.062037
1 0.776302 0.299537 0.042188 0.086111
1 0.612500 0.230093 0.047917 0.084259
1 0.148958 0.363426 0.064583 0.071296
1 0.678906 0.411111 0.070312 0.138889
1 0.699479 0.154630 0.036458 0.062963
2 0.065365 0.237500 0.023438 0.037963