0 0.860938 0.392593 0.028125 0.044444
0 0.833073 0.387037 0.017188 0.050000
1 0.528125 0.630556 0.075000 0.162963
1 0.202865 0.396759 0.065104 0.075000
1 0.808073 0.133333 0.033854 0.055556
1 0.334115 0.374537 0.117188 0.100926
1 0.114844 0.343519 0.078646 0.079630
1 0.573698 0.300463 0.063021 0.089815
1 0.329948 0.470833 0.079687 0.089815
1 0.165625 0.296759 0.076042 0.065741
2 0.487760 0.367130 0.029687 0.041667
2 0.778906 0.062963 0.010937 0.033333
3 0.725781 0.243981 0.057813 0.113889
3 0.075781 0.233796 0.091146 0.097222