0 0.902083 0.285185 0.012500 0.033333
0 0.073958 0.118056 0.012500 0.039815
0 0.265104 0.435648 0.017708 0.054630
0 0.085156 0.125000 0.013021 0.042593
0 0.875000 0.358796 0.015625 0.050926
1 0.697656 0.158333 0.036979 0.064815
1 0.347396 0.488426 0.071875 0.087963
1 0.710156 0.635648 0.065104 0.152778
1 0.627083 0.193981 0.058333 0.102778
1 0.120573 0.347222 0.078646 0.079630
1 0.674479 0.088889 0.034375 0.059259
1 0.766667 0.114352 0.034375 0.054630
1 0.671615 0.224074 0.039062 0.081481
1 0.519792 0.628241 0.067708 0.152778
2 0.654687 0.138889 0.010417 0.024074
2 0.749479 0.447685 0.018750 0.060185
3 0.083594 0.238426 0.092188 0.097222