0 0.362500 0.352315 0.020833 0.045370
0 0.214844 0.481481 0.017188 0.057407
0 0.216927 0.512037 0.015104 0.059259
0 0.230469 0.540278 0.020313 0.058333
0 0.394010 0.254630 0.007812 0.046296
0 0.246094 0.196759 0.010937 0.045370
1 0.188542 0.387963 0.085417 0.077778
1 0.295833 0.454167 0.087500 0.086111
1 0.213542 0.321759 0.060417 0.063889
1 0.129948 0.275926 0.070312 0.066667
1 0.203906 0.903704 0.109896 0.190741
1 0.303646 0.371296 0.080208 0.083333
1 0.102604 0.335185 0.063542 0.068519
1 0.443750 0.487963 0.109375 0.077778
2 0.065365 0.237500 0.023438 0.037963