0 0.739583 0.390278 0.013542 0.045370
0 0.749479 0.317593 0.013542 0.046296
0 0.221875 0.596759 0.016667 0.045370
0 0.750260 0.238426 0.010937 0.045370
0 0.168750 0.716667 0.019792 0.046296
1 0.521354 0.212037 0.030208 0.092593
1 0.505208 0.536574 0.039583 0.132407
1 0.573438 0.412037 0.034375 0.092593
1 0.469792 0.205093 0.033333 0.089815
1 0.268750 0.746296 0.088542 0.116667
1 0.654167 0.831481 0.053125 0.187037
3 0.416927 0.138889 0.076563 0.224074
3 0.147135 0.930556 0.122396 0.107407
3 0.592708 0.153241 0.037500 0.104630
3 0.486198 0.857407 0.058854 0.274074
