0 0.407813 0.290278 0.006250 0.049074
0 0.286198 0.216667 0.013021 0.044444
0 0.139583 0.574074 0.033333 0.037037
0 0.595313 0.074537 0.008333 0.036111
0 0.168750 0.625000 0.017708 0.059259
0 0.113802 0.138426 0.015104 0.039815
0 0.269271 0.228241 0.011458 0.047222
1 0.640625 0.168056 0.042708 0.073148
1 0.757552 0.130556 0.044271 0.075926
1 0.816927 0.087037 0.029687 0.046296
1 0.718490 0.592130 0.079687 0.193519
1 0.491927 0.553704 0.085938 0.144444
1 0.664583 0.893519 0.050000 0.116667
2 0.683854 0.203241 0.012500 0.037963