0 0.408073 0.290278 0.005729 0.049074
0 0.257031 0.202778 0.010937 0.044444
0 0.191406 0.525926 0.027604 0.037037
0 0.584375 0.089815 0.008333 0.031481
0 0.215885 0.562037 0.021354 0.062963
0 0.138542 0.150463 0.011458 0.041667
0 0.242708 0.217593 0.013542 0.044444
1 0.062240 0.050463 0.055729 0.041667
1 0.618750 0.218056 0.046875 0.080556
1 0.770833 0.082870 0.040625 0.067593
1 0.649740 0.921296 0.083854 0.155556
1 0.745573 0.448611 0.069271 0.149074
1 0.410677 0.440741 0.097396 0.094444
1 0.707552 0.671296 0.041146 0.088889
2 0.664844 0.257407 0.014063 0.040741