0 0.407813 0.290278 0.006250 0.049074
0 0.239323 0.196296 0.011979 0.044444
0 0.214062 0.502315 0.029167 0.037963
0 0.576823 0.095370 0.007812 0.016667
0 0.241667 0.525926 0.014583 0.057407
0 0.156250 0.158333 0.013542 0.040741
0 0.223177 0.208796 0.010937 0.045370
1 0.604688 0.249074 0.050000 0.087037
1 0.777604 0.059259 0.038542 0.064815
1 0.673698 0.823611 0.080729 0.206481
1 0.757812 0.385648 0.063542 0.132407
1 0.358854 0.404167 0.096875 0.078704
1 0.725260 0.578241 0.038021 0.078704
2 0.650260 0.298148 0.015104 0.044444