0 0.408073 0.289815 0.005729 0.050000
0 0.277344 0.212500 0.010937 0.043519
0 0.155729 0.556481 0.031250 0.037037
0 0.592708 0.078704 0.008333 0.037037
0 0.185156 0.611111 0.023438 0.064815
0 0.119792 0.142130 0.011458 0.041667
0 0.262760 0.225463 0.013021 0.045370
1 0.632812 0.185648 0.043750 0.075000
1 0.762500 0.112037 0.042708 0.072222
1 0.820052 0.071296 0.028646 0.044444
1 0.729688 0.534722 0.075000 0.175000
1 0.464844 0.505093 0.091146 0.125000
1 0.682031 0.803704 0.046354 0.103704
2 0.677344 0.221759 0.013021 0.039815