0 0.385937 0.311111 0.009375 0.050000
0 0.183594 0.170370 0.009896 0.044444
0 0.284635 0.393981 0.015104 0.032407
0 0.600260 0.065278 0.007812 0.037963
0 0.315365 0.415278 0.014063 0.054630
0 0.176563 0.168056 0.011458 0.043519
0 0.134375 0.163426 0.011458 0.043519
1 0.248177 0.344907 0.076563 0.076852
1 0.733333 0.060185 0.018750 0.035185
1 0.782552 0.264815 0.040104 0.074074
1 0.813802 0.098611 0.040104 0.069444
1 0.087500 0.254630 0.076042 0.059259
1 0.801302 0.177778 0.023438 0.044444
2 0.427083 0.918056 0.040625 0.113889