0 0.919010 0.251389 0.019271 0.028704
0 0.094010 0.129167 0.013021 0.041667
0 0.326042 0.399074 0.012500 0.051852
0 0.102865 0.132870 0.013021 0.041667
0 0.891146 0.324074 0.015625 0.050000
1 0.715365 0.109722 0.032813 0.056481
1 0.444531 0.643981 0.067187 0.126852
1 0.643750 0.946296 0.076042 0.105556
1 0.653385 0.135185 0.051562 0.090741
1 0.120573 0.347222 0.078646 0.079630
1 0.772917 0.077315 0.030208 0.043519
1 0.737240 0.205556 0.039062 0.068519
1 0.694271 0.161111 0.035417 0.072222
2 0.676302 0.087500 0.009896 0.017593
2 0.700521 0.701389 0.023958 0.080556
3 0.083594 0.238426 0.092188 0.097222