0 0.403125 0.289815 0.018750 0.040741
0 0.075000 0.774074 0.033333 0.068519
0 0.247656 0.197685 0.010937 0.043519
0 0.380469 0.254167 0.013021 0.045370
1 0.261719 0.432407 0.090104 0.083333
1 0.596354 0.399074 0.073958 0.098148
1 0.330469 0.380556 0.067187 0.066667
1 0.129948 0.275926 0.070312 0.066667
1 0.785417 0.251389 0.036458 0.063889
1 0.534115 0.601852 0.088021 0.196296
1 0.803906 0.157407 0.033854 0.059259
1 0.525521 0.344907 0.078125 0.091667
1 0.102604 0.335185 0.063542 0.068519
1 0.729688 0.228704 0.053125 0.096296
1 0.659635 0.266204 0.045312 0.084259
2 0.065365 0.237500 0.023438 0.037963