0 0.929167 0.134259 0.013542 0.035185
0 0.212500 0.182407 0.011458 0.044444
0 0.545573 0.275926 0.005729 0.048148
0 0.220573 0.186574 0.011979 0.043519
0 0.948438 0.193981 0.014583 0.045370
0 0.935417 0.174537 0.017708 0.026852
1 0.653385 0.135185 0.051562 0.090741
1 0.189062 0.388889 0.082292 0.085185
1 0.548698 0.616204 0.099479 0.113889
1 0.272396 0.687037 0.130208 0.107407
1 0.694271 0.161111 0.035417 0.072222
1 0.132031 0.893519 0.075521 0.196296
2 0.676302 0.087500 0.009896 0.017593
3 0.083594 0.238426 0.092188 0.097222