0 0.858333 0.391204 0.028125 0.041667
0 0.832031 0.385185 0.014063 0.051852
1 0.519531 0.655093 0.077604 0.169444
1 0.194010 0.390741 0.067187 0.074074
1 0.809375 0.125926 0.033333 0.053704
1 0.322917 0.372222 0.114583 0.103704
1 0.105990 0.338426 0.077604 0.078704
1 0.569010 0.306944 0.067187 0.089815
1 0.314323 0.464815 0.072396 0.088889
1 0.157031 0.291667 0.075521 0.064815
2 0.478125 0.369907 0.030208 0.041667
2 0.780208 0.057407 0.010417 0.033333
3 0.728385 0.233333 0.056771 0.111111
3 0.068490 0.229630 0.091146 0.096296