0 0.382031 0.313426 0.009896 0.049074
0 0.183594 0.170370 0.011979 0.042593
0 0.284635 0.394444 0.015104 0.031481
0 0.602083 0.062500 0.008333 0.037963
0 0.317969 0.409722 0.011979 0.052778
0 0.175781 0.166667 0.010937 0.042593
0 0.134115 0.162037 0.013021 0.042593
1 0.237760 0.338889 0.076563 0.075926
1 0.730469 0.067130 0.019271 0.036111
1 0.785156 0.250926 0.039062 0.072222
1 0.815625 0.089815 0.039583 0.068519
1 0.087500 0.254630 0.076042 0.059259
1 0.803125 0.167130 0.022917 0.043519
2 0.414844 0.946296 0.041146 0.105556