0 0.895052 0.355093 0.014063 0.045370
0 0.605729 0.309722 0.008333 0.049074
0 0.145313 0.621759 0.023958 0.060185
0 0.299479 0.436574 0.007292 0.034259
0 0.781510 0.362500 0.013021 0.050926
0 0.781510 0.383796 0.018229 0.050926
1 0.615625 0.226852 0.044792 0.075926
1 0.645833 0.938426 0.075000 0.121296
1 0.462760 0.501852 0.091146 0.124074
1 0.822396 0.061574 0.029167 0.045370
2 0.791146 0.235185 0.014583 0.040741
2 0.661198 0.267130 0.014063 0.041667
2 0.458073 0.705093 0.027604 0.091667
3 0.745052 0.174537 0.051562 0.099074
3 0.724479 0.575000 0.116667 0.301852