0 0.209896 0.571296 0.015625 0.040741
0 0.227083 0.717593 0.015625 0.042593
0 0.909375 0.681944 0.020833 0.050926
0 0.422656 0.721296 0.015104 0.040741
0 0.530208 0.655093 0.011458 0.043519
1 0.823698 0.213889 0.044271 0.042593
1 0.887240 0.910185 0.118229 0.177778
1 0.285417 0.388889 0.011458 0.029630
1 0.825781 0.939352 0.098437 0.119444
1 0.155990 0.633333 0.095312 0.088889
1 0.126042 0.459259 0.003125 0.027778
1 0.387760 0.516667 0.073438 0.074074
3 0.206771 0.440741 0.177083 0.187037
3 0.203906 0.528241 0.107813 0.102778