0 0.374740 0.323148 0.020313 0.044444
0 0.135937 0.666667 0.026042 0.062963
0 0.284896 0.215278 0.010417 0.043519
0 0.334635 0.237037 0.010937 0.046296
1 0.190625 0.389352 0.085417 0.078704
1 0.463802 0.482407 0.098437 0.083333
1 0.239323 0.336111 0.061979 0.064815
1 0.129948 0.275926 0.070312 0.066667
1 0.802604 0.161574 0.031250 0.052778
1 0.427604 0.876389 0.125000 0.245370
1 0.817187 0.088426 0.030208 0.049074
1 0.433594 0.381944 0.082812 0.078704
1 0.102604 0.335185 0.063542 0.068519
1 0.753646 0.143981 0.045833 0.078704
1 0.621615 0.362500 0.065104 0.099074
2 0.065365 0.237500 0.023438 0.037963