0 0.900521 0.288426 0.014583 0.037963
0 0.070052 0.116667 0.013021 0.040741
0 0.254167 0.441204 0.019792 0.049074
0 0.083854 0.123611 0.012500 0.041667
0 0.871094 0.366667 0.014063 0.051852
1 0.693750 0.168981 0.037500 0.065741
1 0.341146 0.485185 0.068750 0.087037
1 0.717708 0.596296 0.062500 0.142593
1 0.621875 0.205556 0.059375 0.105556
1 0.120573 0.347222 0.078646 0.079630
1 0.671615 0.095370 0.034896 0.061111
1 0.775521 0.105556 0.033333 0.051852
1 0.666927 0.237037 0.040104 0.083333
1 0.509115 0.588889 0.080729 0.142593
2 0.651042 0.147222 0.010417 0.025926
2 0.754687 0.420370 0.017708 0.057407
3 0.517969 0.925926 0.113021 0.146296
3 0.083594 0.238426 0.092188 0.097222