0 0.894271 0.352778 0.018750 0.042593
0 0.060417 0.109259 0.011458 0.037037
0 0.866927 0.375000 0.017188 0.053704
1 0.634635 0.334259 0.049479 0.096296
1 0.207292 0.398611 0.067708 0.075000
1 0.778385 0.284722 0.042188 0.078704
1 0.517448 0.345833 0.109896 0.121296
1 0.120573 0.347222 0.078646 0.079630
1 0.627083 0.195833 0.042708 0.076852
1 0.511979 0.457407 0.078125 0.103704
1 0.277604 0.357407 0.083333 0.074074
2 0.597396 0.272222 0.012500 0.038889
2 0.789323 0.189352 0.013021 0.041667
3 0.660937 0.479630 0.080208 0.168519
3 0.083594 0.238426 0.092188 0.097222