0 0.659375 0.560648 0.014583 0.037963
0 0.498437 0.649537 0.005208 0.043519
0 0.672917 0.590278 0.013542 0.041667
0 0.726302 0.386111 0.009896 0.037037
0 0.833333 0.592593 0.019792 0.044444
0 0.721354 0.554630 0.021875 0.035185
0 0.444010 0.156944 0.005729 0.028704
1 0.204427 0.426389 0.067187 0.067593
1 0.085938 0.600926 0.095833 0.085185
1 0.855469 0.130556 0.033854 0.033333
1 0.519792 0.917593 0.077083 0.162963
1 0.786198 0.888889 0.102604 0.168519
1 0.573438 0.846296 0.072917 0.150000
1 0.390365 0.442130 0.053646 0.058333
1 0.841146 0.836574 0.107292 0.162037
1 0.747656 0.174074 0.035937 0.038889
2 0.100781 0.667130 0.049479 0.037963
3 0.445573 0.710648 0.067187 0.139815
3 0.249740 0.501852 0.095312 0.107407