0 0.743229 0.364352 0.012500 0.045370
0 0.748958 0.290278 0.012500 0.047222
0 0.224740 0.595833 0.019271 0.043519
0 0.749479 0.217130 0.011458 0.043519
0 0.184115 0.680093 0.020313 0.045370
1 0.521354 0.212037 0.030208 0.092593
1 0.499740 0.644907 0.043229 0.152778
1 0.573438 0.334722 0.032292 0.082407
1 0.469792 0.205093 0.033333 0.089815
1 0.180990 0.784722 0.094271 0.093519
1 0.647656 0.695370 0.048438 0.159259
3 0.416927 0.138889 0.076563 0.224074
3 0.059635 0.918981 0.119271 0.106481
3 0.603646 0.104630 0.035417 0.096296
3 0.483073 0.935648 0.053646 0.126852
