0 0.522917 0.270833 0.016667 0.036111
0 0.167448 0.162037 0.014063 0.040741
0 0.482292 0.256019 0.006250 0.047222
1 0.704427 0.140741 0.034896 0.061111
1 0.623698 0.205556 0.036979 0.066667
1 0.129948 0.275926 0.070312 0.066667
1 0.689323 0.742130 0.061979 0.149074
1 0.677083 0.206944 0.048958 0.099074
1 0.796354 0.196296 0.044792 0.077778
1 0.737240 0.499537 0.055729 0.132407
1 0.652344 0.139352 0.040104 0.069444
1 0.309375 0.462037 0.071875 0.081481
1 0.600260 0.693519 0.100521 0.229630
1 0.725521 0.082407 0.031250 0.051852
2 0.065365 0.237500 0.023438 0.037963