0 0.360677 0.350926 0.021354 0.044444
0 0.209375 0.523148 0.020833 0.059259
0 0.158333 0.581481 0.017708 0.057407
0 0.151302 0.652778 0.021354 0.062963
0 0.332292 0.238889 0.010417 0.044444
0 0.298177 0.220833 0.009896 0.045370
1 0.188542 0.387963 0.085417 0.077778
1 0.295833 0.454167 0.087500 0.086111
1 0.213542 0.321759 0.060417 0.063889
1 0.129948 0.275926 0.070312 0.066667
1 0.303646 0.371296 0.080208 0.083333
1 0.102604 0.335185 0.063542 0.068519
1 0.470313 0.481944 0.109375 0.080556
2 0.065365 0.237500 0.023438 0.037963