0 0.920312 0.250000 0.016667 0.031481
0 0.097396 0.130556 0.013542 0.040741
0 0.329427 0.390278 0.010937 0.050926
0 0.104688 0.134259 0.013542 0.042593
0 0.893750 0.318519 0.014583 0.050000
1 0.715365 0.109722 0.032813 0.056481
1 0.452083 0.669444 0.064583 0.133333
1 0.653385 0.135185 0.051562 0.090741
1 0.120573 0.347222 0.078646 0.079630
1 0.770833 0.083333 0.031250 0.044444
1 0.734635 0.215278 0.040104 0.069444
1 0.694271 0.161111 0.035417 0.072222
2 0.676302 0.087500 0.009896 0.017593
2 0.695052 0.728704 0.024479 0.083333
3 0.083594 0.238426 0.092188 0.097222