0 0.929427 0.132407 0.014063 0.035185
0 0.212500 0.182407 0.011458 0.044444
0 0.548698 0.278241 0.015104 0.047222
0 0.221094 0.186574 0.011979 0.043519
0 0.948698 0.190278 0.015104 0.043519
0 0.935156 0.176852 0.017188 0.025926
1 0.653385 0.135185 0.051562 0.090741
1 0.191146 0.390741 0.082292 0.085185
1 0.543229 0.620370 0.100000 0.114815
1 0.267448 0.686111 0.130729 0.107407
1 0.694271 0.161111 0.035417 0.072222
1 0.131250 0.886111 0.075000 0.194444
2 0.676302 0.087500 0.009896 0.017593
3 0.083594 0.238426 0.092188 0.097222