0 0.740885 0.390278 0.013021 0.047222
0 0.749740 0.316667 0.011979 0.048148
0 0.222135 0.596759 0.016146 0.045370
0 0.749740 0.236574 0.009896 0.045370
0 0.171094 0.709722 0.022396 0.047222
1 0.521354 0.212037 0.030208 0.092593
1 0.504687 0.544907 0.039583 0.134259
1 0.573438 0.406019 0.034375 0.091667
1 0.469792 0.205093 0.033333 0.089815
1 0.262240 0.750926 0.089063 0.116667
1 0.653646 0.819907 0.053125 0.184259
3 0.416927 0.138889 0.076563 0.224074
3 0.140104 0.929630 0.122917 0.107407
3 0.593490 0.149537 0.036979 0.102778
3 0.485417 0.865278 0.059375 0.267593
