0 0.866667 0.182407 0.007292 0.029630
0 0.198177 0.246296 0.010937 0.024074
0 0.187760 0.243519 0.010937 0.035185
0 0.576562 0.177315 0.008333 0.021296
0 0.329948 0.302315 0.011979 0.026852
1 0.709375 0.117130 0.023958 0.037963
1 0.314063 0.691667 0.102083 0.096296
1 0.147135 0.107870 0.030729 0.032407
1 0.235937 0.376852 0.063542 0.062963
1 0.677865 0.219444 0.028646 0.051852
1 0.741927 0.123148 0.020313 0.033333
1 0.686198 0.082407 0.019271 0.035185
1 0.121354 0.085648 0.039583 0.037963
1 0.144010 0.093981 0.045312 0.030556
1 0.158594 0.338889 0.066146 0.050000
1 0.656250 0.159722 0.031250 0.062037
1 0.767708 0.180093 0.025000 0.041667