0 0.458594 0.349074 0.008854 0.042593
0 0.092969 0.267130 0.016146 0.032407
0 0.442448 0.513426 0.010937 0.049074
0 0.533073 0.069444 0.009896 0.022222
0 0.243750 0.270833 0.015625 0.039815
1 0.940104 0.904167 0.057292 0.099074
1 0.645833 0.080093 0.035417 0.080556
1 0.866406 0.616667 0.068229 0.137037
1 0.869010 0.946759 0.075521 0.104630
1 0.132292 0.806019 0.147917 0.117593
1 0.174740 0.691204 0.118229 0.084259
1 0.708333 0.632407 0.097917 0.129630
2 0.103125 0.393981 0.039583 0.036111
2 0.608854 0.104630 0.010417 0.040741
2 0.071354 0.464352 0.032292 0.036111
3 0.733594 0.107407 0.032813 0.068519