0 0.408073 0.290278 0.005729 0.049074
0 0.272135 0.212963 0.008854 0.038889
0 0.162240 0.551389 0.031771 0.037963
0 0.590104 0.081481 0.008333 0.037037
0 0.192448 0.600463 0.024479 0.063889
0 0.123958 0.144444 0.012500 0.040741
0 0.257552 0.224074 0.014063 0.046296
1 0.629687 0.192593 0.044792 0.075926
1 0.764844 0.106019 0.042188 0.071296
1 0.821094 0.065278 0.027604 0.043519
1 0.733333 0.514815 0.072917 0.168519
1 0.453906 0.488889 0.094271 0.116667
1 0.688021 0.773148 0.044792 0.100000
2 0.674740 0.229167 0.013021 0.039815