0 0.871354 0.378241 0.016667 0.049074
0 0.626042 0.312963 0.012500 0.048148
0 0.083854 0.732407 0.029167 0.064815
0 0.294010 0.405556 0.006771 0.031481
0 0.783594 0.345370 0.007812 0.016667
0 0.727083 0.348148 0.015625 0.051852
1 0.559635 0.322685 0.068229 0.086111
1 0.690625 0.734259 0.073958 0.190741
1 0.321354 0.383333 0.093750 0.075926
2 0.798177 0.161111 0.013021 0.037037
2 0.609896 0.409722 0.018750 0.054630
2 0.347396 0.483333 0.036458 0.059259
3 0.768229 0.091204 0.043750 0.082407
3 0.745833 0.463889 0.103125 0.255556