0 0.925521 0.209259 0.014583 0.038889
0 0.139323 0.149074 0.013021 0.042593
0 0.395313 0.289815 0.008333 0.048148
0 0.157292 0.157407 0.012500 0.042593
0 0.920312 0.254630 0.012500 0.025926
0 0.938542 0.102315 0.014583 0.025000
1 0.715365 0.109722 0.032813 0.056481
1 0.653385 0.135185 0.051562 0.090741
1 0.120573 0.347222 0.078646 0.079630
1 0.733073 0.219907 0.040104 0.062037
1 0.671354 0.439815 0.057292 0.114815
1 0.694271 0.161111 0.035417 0.072222
2 0.676302 0.087500 0.009896 0.017593
3 0.083594 0.238426 0.092188 0.097222