0 0.925521 0.241204 0.018750 0.039815
0 0.110156 0.136111 0.014063 0.040741
0 0.351042 0.357407 0.010417 0.050000
0 0.118490 0.141204 0.011979 0.041667
0 0.899740 0.302315 0.010937 0.041667
1 0.715365 0.109722 0.032813 0.056481
1 0.476562 0.849074 0.053125 0.170370
1 0.653385 0.135185 0.051562 0.090741
1 0.120573 0.347222 0.078646 0.079630
1 0.760938 0.118981 0.033333 0.049074
1 0.718750 0.271759 0.043750 0.080556
1 0.694271 0.161111 0.035417 0.072222
2 0.676302 0.087500 0.009896 0.017593
2 0.659375 0.910648 0.029167 0.106481
3 0.083594 0.238426 0.092188 0.097222